1.3149113 0.0054896 0.0877095 0.9999979 0.0000000 0.0000000 0.0020719
1.3149112 0.0054895 0.0877095 0.9999979 0.0000000 0.0000000 0.0020719
1.3149111 0.0054893 0.0877095 0.9999979 0.0000000 0.0000000 0.0020719
1.3149110 0.0054891 0.0877095 0.9999979 0.0000000 0.0000000 0.0020719
1.3149109 0.0054890 0.0877095 0.9999979 0.0000000 0.0000000 0.0020719
1.3149108 0.0054888 0.0877095 0.9999979 0.0000000 0.0000000 0.0020719
1.3149107 0.0054887 0.0877095 0.9999979 0.0000000 0.0000000 0.0020719
1.3149106 0.0054885 0.0877095 0.9999979 0.0000000 0.0000000 0.0020719
1.3149105 0.0054883 0.0877095 0.9999979 0.0000000 0.0000000 0.0020719
1.3149104 0.0054882 0.0877095 0.9999979 0.0000000 0.0000000 0.0020719
1.3149103 0.0054880 0.0877095 0.9999979 0.0000000 0.0000000 0.0020719
1.3149102 0.0054879 0.0877095 0.9999979 0.0000000 0.0000000 0.0020719
1.3149101 0.0054877 0.0877095 0.9999979 0.0000000 0.0000000 0.0020719
1.3149100 0.0054875 0.0877094 0.9999979 0.0000000 0.0000000 0.0020719
1.3149099 0.0054874 0.0877094 0.9999979 0.0000000 0.0000000 0.0020719
1.3149098 0.0054872 0.0877094 0.9999979 0.0000000 0.0000000 0.0020719
1.3149097 0.0054871 0.0877094 0.9999979 0.0000000 0.0000000 0.0020719
1.3149096 0.0054869 0.0877094 0.9999979 0.0000000 0.0000000 0.0020719
1.3149095 0.0054868 0.0877094 0.9999979 0.0000000 0.0000000 0.0020719
1.3149094 0.0054866 0.0877094 0.9999979 0.0000000 0.0000000 0.0020719
1.3149093 0.0054864 0.0877094 0.9999979 0.0000000 0.0000000 0.0020719
1.3149092 0.0054863 0.0877094 0.9999979 0.0000000 0.0000000 0.0020719
1.3149091 0.0054861 0.0877094 0.9999979 0.0000000 0.0000000 0.0020719
1.3149090 0.0054860 0.0877094 0.9999979 0.0000000 0.0000000 0.0020719
1.3149089 0.0054858 0.0877094 0.9999979 0.0000000 0.0000000 0.0020719
1.3149088 0.0054856 0.0877094 0.9999979 0.0000000 0.0000000 0.0020719
1.3149087 0.0054855 0.0877094 0.9999979 0.0000000 0.0000000 0.0020719
1.3149086 0.0054853 0.0877094 0.9999979 0.0000000 0.0000000 0.0020719
1.3149085 0.0054852 0.0877093 0.9999979 0.0000000 0.0000000 0.0020719
1.3149084 0.0054850 0.0877093 0.9999979 0.0000000 0.0000000 0.0020719
1.3149083 0.0054848 0.0877093 0.9999979 0.0000000 0.0000000 0.0020719
1.3149082 0.0054847 0.0877093 0.9999979 0.0000000 0.0000000 0.0020719
1.3149081 0.0054845 0.0877093 0.9999979 0.0000000 0.0000000 0.0020719
1.3149080 0.0054844 0.0877093 0.9999979 0.0000000 0.0000000 0.0020719
1.3149079 0.0054842 0.0877093 0.9999979 0.0000000 0.0000000 0.0020719
1.3149078 0.0054840 0.0877093 0.9999979 0.0000000 0.0000000 0.0020719
1.3149077 0.0054839 0.0877093 0.9999979 0.0000000 0.0000000 0.0020719
1.3149076 0.0054837 0.0877093 0.9999979 0.0000000 0.0000000 0.0020719
1.3149075 0.0054836 0.0877093 0.9999979 0.0000000 0.0000000 0.0020719
1.3149074 0.0054834 0.0877093 0.9999979 0.0000000 0.0000000 0.0020719
1.3149073 0.0054832 0.0877093 0.9999979 0.0000000 0.0000000 0.0020719
1.3149072 0.0054831 0.0877093 0.9999979 0.0000000 0.0000000 0.0020719
1.3149071 0.0054829 0.0877092 0.9999979 0.0000000 0.0000000 0.0020719
1.3149070 0.0054828 0.0877092 0.9999979 0.0000000 0.0000000 0.0020719
1.3149069 0.0054826 0.0877092 0.9999979 0.0000000 0.0000000 0.0020719
1.3149068 0.0054825 0.0877092 0.9999979 0.0000000 0.0000000 0.0020719
1.3149067 0.0054823 0.0877092 0.9999979 0.0000000 0.0000000 0.0020719
1.3149066 0.0054821 0.0877092 0.9999979 0.0000000 0.0000000 0.0020719
1.3149065 0.0054820 0.0877092 0.9999979 0.0000000 0.0000000 0.0020719
1.3149064 0.0054818 0.0877092 0.9999979 0.0000000 0.0000000 0.0020719
1.3149063 0.0054817 0.0877092 0.9999979 0.0000000 0.0000000 0.0020719
1.3149062 0.0054815 0.0877092 0.9999979 0.0000000 0.0000000 0.0020719
1.3149061 0.0054813 0.0877092 0.9999979 0.0000000 0.0000000 0.0020719
1.3149060 0.0054812 0.0877092 0.9999979 0.0000000 0.0000000 0.0020719
1.3149059 0.0054810 0.0877092 0.9999979 0.0000000 0.0000000 0.0020719
1.3149058 0.0054809 0.0877092 0.9999979 0.0000000 0.0000000 0.0020719
1.3149057 0.0054807 0.0877092 0.9999979 0.0000000 0.0000000 0.0020719
1.3149056 0.0054805 0.0877091 0.9999979 0.0000000 0.0000000 0.0020719
1.3149055 0.0054804 0.0877091 0.9999979 0.0000000 0.0000000 0.0020719
1.3149054 0.0054802 0.0877091 0.9999979 0.0000000 0.0000000 0.0020719
1.3149053 0.0054801 0.0877091 0.9999979 0.0000000 0.0000000 0.0020719
1.3149053 0.0054799 0.0877091 0.9999979 0.0000000 0.0000000 0.0020719
1.3149052 0.0054797 0.0877091 0.9999979 0.0000000 0.0000000 0.0020719
1.3149051 0.0054796 0.0877091 0.9999979 0.0000000 0.0000000 0.0020719
1.3149050 0.0054794 0.0877091 0.9999979 0.0000000 0.0000000 0.0020719
1.3149049 0.0054793 0.0877091 0.9999979 0.0000000 0.0000000 0.0020719
1.3149048 0.0054791 0.0877091 0.9999979 0.0000000 0.0000000 0.0020719
1.3149047 0.0054789 0.0877091 0.9999979 0.0000000 0.0000000 0.0020719
1.3149046 0.0054788 0.0877091 0.9999979 0.0000000 0.0000000 0.0020719
1.3149045 0.0054786 0.0877091 0.9999979 0.0000000 0.0000000 0.0020719
1.3149044 0.0054785 0.0877091 0.9999979 0.0000000 0.0000000 0.0020719
1.3149043 0.0054783 0.0877090 0.9999979 0.0000000 0.0000000 0.0020719
1.3149042 0.0054782 0.0877090 0.9999979 0.0000000 0.0000000 0.0020719
1.3149041 0.0054780 0.0877090 0.9999979 0.0000000 0.0000000 0.0020719
1.3149040 0.0054778 0.0877090 0.9999979 0.0000000 0.0000000 0.0020719
1.3149039 0.0054777 0.0877090 0.9999979 0.0000000 0.0000000 0.0020719
1.3149038 0.0054775 0.0877090 0.9999979 0.0000000 0.0000000 0.0020719
1.3149037 0.0054774 0.0877090 0.9999979 0.0000000 0.0000000 0.0020719
1.3149036 0.0054772 0.0877090 0.9999979 0.0000000 0.0000000 0.0020719
1.3149035 0.0054770 0.0877090 0.9999979 0.0000000 0.0000000 0.0020719
1.3149034 0.0054769 0.0877090 0.9999979 0.0000000 0.0000000 0.0020719
1.3149033 0.0054767 0.0877090 0.9999979 0.0000000 0.0000000 0.0020719
1.3149032 0.0054766 0.0877090 0.9999979 0.0000000 0.0000000 0.0020719
1.3149031 0.0054764 0.0877090 0.9999979 0.0000000 0.0000000 0.0020719
1.3149030 0.0054762 0.0877090 0.9999979 0.0000000 0.0000000 0.0020719
1.3149029 0.0054761 0.0877089 0.9999979 0.0000000 0.0000000 0.0020719
1.3149028 0.0054759 0.0877089 0.9999979 0.0000000 0.0000000 0.0020719
1.3149027 0.0054758 0.0877089 0.9999979 0.0000000 0.0000000 0.0020719
1.3149026 0.0054756 0.0877089 0.9999979 0.0000000 0.0000000 0.0020719
1.3149025 0.0054754 0.0877089 0.9999979 0.0000000 0.0000000 0.0020719
1.3149024 0.0054753 0.0877089 0.9999979 0.0000000 0.0000000 0.0020719
1.3149023 0.0054751 0.0877089 0.9999979 0.0000000 0.0000000 0.0020719
1.3149022 0.0054750 0.0877089 0.9999979 0.0000000 0.0000000 0.0020719
1.3149021 0.0054748 0.0877089 0.9999979 0.0000000 0.0000000 0.0020719
1.3149020 0.0054746 0.0877089 0.9999979 0.0000000 0.0000000 0.0020719
1.3149019 0.0054745 0.0877089 0.9999979 0.0000000 0.0000000 0.0020719
1.3149018 0.0054743 0.0877089 0.9999979 0.0000000 0.0000000 0.0020719
1.3149017 0.0054742 0.0877089 0.9999979 0.0000000 0.0000000 0.0020719
1.3149016 0.0054740 0.0877089 0.9999979 0.0000000 0.0000000 0.0020719
1.3149015 0.0054739 0.0877089 0.9999979 0.0000000 0.0000000 0.0020719
1.3149014 0.0054737 0.0877088 0.9999979 0.0000000 0.0000000 0.0020719
1.3149013 0.0054735 0.0877088 0.9999979 0.0000000 0.0000000 0.0020719
1.3149012 0.0054734 0.0877088 0.9999979 0.0000000 0.0000000 0.0020719
1.3149011 0.0054732 0.0877088 0.9999979 0.0000000 0.0000000 0.0020719
1.3149010 0.0054731 0.0877088 0.9999979 0.0000000 0.0000000 0.0020719
1.3149009 0.0054729 0.0877088 0.9999979 0.0000000 0.0000000 0.0020719
1.3149008 0.0054727 0.0877088 0.9999979 0.0000000 0.0000000 0.0020719
1.3149007 0.0054726 0.0877088 0.9999979 0.0000000 0.0000000 0.0020719
1.3149006 0.0054724 0.0877088 0.9999979 0.0000000 0.0000000 0.0020719
1.3149005 0.0054723 0.0877088 0.9999979 0.0000000 0.0000000 0.0020719
1.3149004 0.0054721 0.0877088 0.9999979 0.0000000 0.0000000 0.0020719
1.3149003 0.0054719 0.0877088 0.9999979 0.0000000 0.0000000 0.0020719
1.3149002 0.0054718 0.0877088 0.9999979 0.0000000 0.0000000 0.0020719
1.3149001 0.0054716 0.0877088 0.9999979 0.0000000 0.0000000 0.0020719
1.3149000 0.0054715 0.0877087 0.9999979 0.0000000 0.0000000 0.0020719
1.3148999 0.0054713 0.0877087 0.9999979 0.0000000 0.0000000 0.0020719
1.3148998 0.0054711 0.0877087 0.9999979 0.0000000 0.0000000 0.0020719
1.3148997 0.0054710 0.0877087 0.9999979 0.0000000 0.0000000 0.0020719
1.3148996 0.0054708 0.0877087 0.9999979 0.0000000 0.0000000 0.0020719
1.3148995 0.0054707 0.0877087 0.9999979 0.0000000 0.0000000 0.0020719
1.3148994 0.0054705 0.0877087 0.9999979 0.0000000 0.0000000 0.0020719
1.3148993 0.0054703 0.0877087 0.9999979 0.0000000 0.0000000 0.0020719
1.3148992 0.0054702 0.0877087 0.9999979 0.0000000 0.0000000 0.0020719
1.3148991 0.0054700 0.0877087 0.9999979 0.0000000 0.0000000 0.0020719
1.3148990 0.0054699 0.0877087 0.9999979 0.0000000 0.0000000 0.0020719
1.3148989 0.0054697 0.0877087 0.9999979 0.0000000 0.0000000 0.0020719
1.3148988 0.0054696 0.0877087 0.9999979 0.0000000 0.0000000 0.0020719
1.3148987 0.0054694 0.0877087 0.9999979 0.0000000 0.0000000 0.0020719
1.3148986 0.0054692 0.0877087 0.9999979 0.0000000 0.0000000 0.0020719
1.3148985 0.0054691 0.0877086 0.9999979 0.0000000 0.0000000 0.0020719
1.3148984 0.0054689 0.0877086 0.9999979 0.0000000 0.0000000 0.0020719
1.3148983 0.0054688 0.0877086 0.9999979 0.0000000 0.0000000 0.0020719
1.3148982 0.0054686 0.0877086 0.9999979 0.0000000 0.0000000 0.0020719
1.3148981 0.0054684 0.0877086 0.9999979 0.0000000 0.0000000 0.0020719
1.3148980 0.0054683 0.0877086 0.9999979 0.0000000 0.0000000 0.0020719
1.3148979 0.0054681 0.0877086 0.9999979 0.0000000 0.0000000 0.0020719
1.3148978 0.0054680 0.0877086 0.9999979 0.0000000 0.0000000 0.0020719
1.3148977 0.0054678 0.0877086 0.9999979 0.0000000 0.0000000 0.0020719
1.3148976 0.0054676 0.0877086 0.9999979 0.0000000 0.0000000 0.0020719
1.3148975 0.0054675 0.0877086 0.9999979 0.0000000 0.0000000 0.0020719
1.3148974 0.0054673 0.0877086 0.9999979 0.0000000 0.0000000 0.0020719
1.3148973 0.0054672 0.0877086 0.9999979 0.0000000 0.0000000 0.0020719
1.3148972 0.0054670 0.0877086 0.9999979 0.0000000 0.0000000 0.0020719
1.3148971 0.0054668 0.0877085 0.9999979 0.0000000 0.0000000 0.0020719
1.3148970 0.0054667 0.0877085 0.9999979 0.0000000 0.0000000 0.0020719
1.3148969 0.0054665 0.0877085 0.9999979 0.0000000 0.0000000 0.0020719
1.3148968 0.0054664 0.0877085 0.9999979 0.0000000 0.0000000 0.0020719
1.3148967 0.0054662 0.0877085 0.9999979 0.0000000 0.0000000 0.0020719
1.3148966 0.0054660 0.0877085 0.9999979 0.0000000 0.0000000 0.0020719
1.3148965 0.0054659 0.0877085 0.9999979 0.0000000 0.0000000 0.0020719
1.3148964 0.0054657 0.0877085 0.9999979 0.0000000 0.0000000 0.0020719
1.3148963 0.0054656 0.0877085 0.9999979 0.0000000 0.0000000 0.0020719
1.3148962 0.0054654 0.0877085 0.9999979 0.0000000 0.0000000 0.0020719
1.3148961 0.0054653 0.0877085 0.9999979 0.0000000 0.0000000 0.0020719
1.3148960 0.0054651 0.0877085 0.9999979 0.0000000 0.0000000 0.0020719
1.3148959 0.0054649 0.0877085 0.9999979 0.0000000 0.0000000 0.0020719
1.3148958 0.0054648 0.0877085 0.9999979 0.0000000 0.0000000 0.0020719
1.3148957 0.0054646 0.0877084 0.9999979 0.0000000 0.0000000 0.0020719
1.3148956 0.0054645 0.0877084 0.9999979 0.0000000 0.0000000 0.0020719
1.3148955 0.0054643 0.0877084 0.9999979 0.0000000 0.0000000 0.0020719
1.3148954 0.0054641 0.0877084 0.9999979 0.0000000 0.0000000 0.0020719
1.3148953 0.0054640 0.0877084 0.9999979 0.0000000 0.0000000 0.0020719
1.3148952 0.0054638 0.0877084 0.9999979 0.0000000 0.0000000 0.0020719
1.3148951 0.0054637 0.0877084 0.9999979 0.0000000 0.0000000 0.0020719
1.3148950 0.0054635 0.0877084 0.9999979 0.0000000 0.0000000 0.0020719
1.3148949 0.0054633 0.0877084 0.9999979 0.0000000 0.0000000 0.0020719
1.3148948 0.0054632 0.0877084 0.9999979 0.0000000 0.0000000 0.0020719
1.3148947 0.0054630 0.0877084 0.9999979 0.0000000 0.0000000 0.0020719
1.3148946 0.0054629 0.0877084 0.9999979 0.0000000 0.0000000 0.0020719
1.3148945 0.0054627 0.0877084 0.9999979 0.0000000 0.0000000 0.0020719
1.3148944 0.0054625 0.0877084 0.9999979 0.0000000 0.0000000 0.0020719
1.3148943 0.0054624 0.0877084 0.9999979 0.0000000 0.0000000 0.0020719
1.3148942 0.0054622 0.0877083 0.9999979 0.0000000 0.0000000 0.0020719
1.3148941 0.0054621 0.0877083 0.9999979 0.0000000 0.0000000 0.0020719
1.3148940 0.0054619 0.0877083 0.9999979 0.0000000 0.0000000 0.0020719
1.3148939 0.0054617 0.0877083 0.9999979 0.0000000 0.0000000 0.0020719
1.3148938 0.0054616 0.0877083 0.9999979 0.0000000 0.0000000 0.0020719
1.3148937 0.0054614 0.0877083 0.9999979 0.0000000 0.0000000 0.0020719
1.3148936 0.0054613 0.0877083 0.9999979 0.0000000 0.0000000 0.0020719
1.3148935 0.0054611 0.0877083 0.9999979 0.0000000 0.0000000 0.0020719
1.3148934 0.0054610 0.0877083 0.9999979 0.0000000 0.0000000 0.0020719
1.3148933 0.0054608 0.0877083 0.9999979 0.0000000 0.0000000 0.0020719
1.3148932 0.0054606 0.0877083 0.9999979 0.0000000 0.0000000 0.0020719
1.3148931 0.0054605 0.0877083 0.9999979 0.0000000 0.0000000 0.0020719
1.3148930 0.0054603 0.0877083 0.9999979 0.0000000 0.0000000 0.0020719
1.3148929 0.0054602 0.0877083 0.9999979 0.0000000 0.0000000 0.0020719
1.3148928 0.0054600 0.0877082 0.9999979 0.0000000 0.0000000 0.0020719
1.3148927 0.0054598 0.0877082 0.9999979 0.0000000 0.0000000 0.0020719
1.3148926 0.0054597 0.0877082 0.9999979 0.0000000 0.0000000 0.0020719
1.3148925 0.0054595 0.0877082 0.9999979 0.0000000 0.0000000 0.0020719
1.3148924 0.0054594 0.0877082 0.9999979 0.0000000 0.0000000 0.0020719
1.3148923 0.0054592 0.0877082 0.9999979 0.0000000 0.0000000 0.0020719
1.3148922 0.0054590 0.0877082 0.9999979 0.0000000 0.0000000 0.0020719
1.3148921 0.0054589 0.0877082 0.9999979 0.0000000 0.0000000 0.0020719
1.3148920 0.0054587 0.0877082 0.9999979 0.0000000 0.0000000 0.0020719
1.3148919 0.0054586 0.0877082 0.9999979 0.0000000 0.0000000 0.0020719
1.3148918 0.0054584 0.0877082 0.9999979 0.0000000 0.0000000 0.0020719
1.3148917 0.0054582 0.0877082 0.9999979 0.0000000 0.0000000 0.0020719
1.3148916 0.0054581 0.0877082 0.9999979 0.0000000 0.0000000 0.0020719
1.3148915 0.0054579 0.0877082 0.9999979 0.0000000 0.0000000 0.0020719
1.3148914 0.0054578 0.0877082 0.9999979 0.0000000 0.0000000 0.0020719
1.3148913 0.0054576 0.0877081 0.9999979 0.0000000 0.0000000 0.0020719
1.3148912 0.0054574 0.0877081 0.9999979 0.0000000 0.0000000 0.0020719
1.3148911 0.0054573 0.0877081 0.9999979 0.0000000 0.0000000 0.0020719
1.3148910 0.0054571 0.0877081 0.9999979 0.0000000 0.0000000 0.0020719
1.3148909 0.0054570 0.0877081 0.9999979 0.0000000 0.0000000 0.0020719
1.3148908 0.0054568 0.0877081 0.9999979 0.0000000 0.0000000 0.0020719
1.3148907 0.0054567 0.0877081 0.9999979 0.0000000 0.0000000 0.0020719
1.3148906 0.0054565 0.0877081 0.9999979 0.0000000 0.0000000 0.0020719
1.3148905 0.0054563 0.0877081 0.9999979 0.0000000 0.0000000 0.0020719
1.3148904 0.0054562 0.0877081 0.9999979 0.0000000 0.0000000 0.0020719
1.3148903 0.0054560 0.0877081 0.9999979 0.0000000 0.0000000 0.0020719
1.3148902 0.0054559 0.0877081 0.9999979 0.0000000 0.0000000 0.0020719
1.3148901 0.0054557 0.0877081 0.9999979 0.0000000 0.0000000 0.0020719
1.3148900 0.0054555 0.0877081 0.9999979 0.0000000 0.0000000 0.0020719
1.3148899 0.0054554 0.0877080 0.9999979 0.0000000 0.0000000 0.0020719
1.3148898 0.0054552 0.0877080 0.9999979 0.0000000 0.0000000 0.0020719
1.3148897 0.0054551 0.0877080 0.9999979 0.0000000 0.0000000 0.0020719
1.3148896 0.0054549 0.0877080 0.9999979 0.0000000 0.0000000 0.0020719
1.3148895 0.0054547 0.0877080 0.9999979 0.0000000 0.0000000 0.0020719
1.3148894 0.0054546 0.0877080 0.9999979 0.0000000 0.0000000 0.0020719
1.3148893 0.0054544 0.0877080 0.9999979 0.0000000 0.0000000 0.0020719
1.3148892 0.0054543 0.0877080 0.9999979 0.0000000 0.0000000 0.0020719
1.3148891 0.0054541 0.0877080 0.9999979 0.0000000 0.0000000 0.0020719
1.3148890 0.0054539 0.0877080 0.9999979 0.0000000 0.0000000 0.0020719
1.3148889 0.0054538 0.0877080 0.9999979 0.0000000 0.0000000 0.0020719
1.3148888 0.0054536 0.0877080 0.9999979 0.0000000 0.0000000 0.0020719
1.3148887 0.0054535 0.0877080 0.9999979 0.0000000 0.0000000 0.0020719
1.3148886 0.0054533 0.0877080 0.9999979 0.0000000 0.0000000 0.0020719
1.3148885 0.0054531 0.0877079 0.9999979 0.0000000 0.0000000 0.0020719
1.3148884 0.0054530 0.0877079 0.9999979 0.0000000 0.0000000 0.0020719
1.3148883 0.0054528 0.0877079 0.9999979 0.0000000 0.0000000 0.0020719
1.3148882 0.0054527 0.0877079 0.9999979 0.0000000 0.0000000 0.0020719
1.3148881 0.0054525 0.0877079 0.9999979 0.0000000 0.0000000 0.0020719
1.3148880 0.0054524 0.0877079 0.9999979 0.0000000 0.0000000 0.0020719
1.3148879 0.0054522 0.0877079 0.9999979 0.0000000 0.0000000 0.0020719
1.3148878 0.0054520 0.0877079 0.9999979 0.0000000 0.0000000 0.0020719
1.3148877 0.0054519 0.0877079 0.9999979 0.0000000 0.0000000 0.0020719
1.3148876 0.0054517 0.0877079 0.9999979 0.0000000 0.0000000 0.0020719
1.3148875 0.0054516 0.0877079 0.9999979 0.0000000 0.0000000 0.0020719
1.3148874 0.0054514 0.0877079 0.9999979 0.0000000 0.0000000 0.0020719
1.3148873 0.0054512 0.0877079 0.9999979 0.0000000 0.0000000 0.0020719
1.3148872 0.0054511 0.0877079 0.9999979 0.0000000 0.0000000 0.0020719
1.3148871 0.0054509 0.0877079 0.9999979 0.0000000 0.0000000 0.0020719
1.3148870 0.0054508 0.0877078 0.9999979 0.0000000 0.0000000 0.0020719
1.3148869 0.0054506 0.0877078 0.9999979 0.0000000 0.0000000 0.0020719
1.3148868 0.0054504 0.0877078 0.9999979 0.0000000 0.0000000 0.0020719
1.3148867 0.0054503 0.0877078 0.9999979 0.0000000 0.0000000 0.0020719
1.3148866 0.0054501 0.0877078 0.9999979 0.0000000 0.0000000 0.0020719
1.3148865 0.0054500 0.0877078 0.9999979 0.0000000 0.0000000 0.0020719
1.3148864 0.0054498 0.0877078 0.9999979 0.0000000 0.0000000 0.0020719
1.3148863 0.0054496 0.0877078 0.9999979 0.0000000 0.0000000 0.0020719
1.3148862 0.0054495 0.0877078 0.9999979 0.0000000 0.0000000 0.0020719
1.3148861 0.0054493 0.0877078 0.9999979 0.0000000 0.0000000 0.0020719
1.3148860 0.0054492 0.0877078 0.9999979 0.0000000 0.0000000 0.0020719
1.3148859 0.0054490 0.0877078 0.9999979 0.0000000 0.0000000 0.0020719
1.3148858 0.0054488 0.0877078 0.9999979 0.0000000 0.0000000 0.0020719
1.3148857 0.0054487 0.0877078 0.9999979 0.0000000 0.0000000 0.0020719
1.3148856 0.0054485 0.0877077 0.9999979 0.0000000 0.0000000 0.0020719
1.3148855 0.0054484 0.0877077 0.9999979 0.0000000 0.0000000 0.0020719
1.3148854 0.0054482 0.0877077 0.9999979 0.0000000 0.0000000 0.0020719
1.3148853 0.0054481 0.0877077 0.9999979 0.0000000 0.0000000 0.0020719
1.3148852 0.0054479 0.0877077 0.9999979 0.0000000 0.0000000 0.0020719
1.3148851 0.0054477 0.0877077 0.9999979 0.0000000 0.0000000 0.0020719
1.3148850 0.0054476 0.0877077 0.9999979 0.0000000 0.0000000 0.0020719
1.3148849 0.0054474 0.0877077 0.9999979 0.0000000 0.0000000 0.0020719
1.3148848 0.0054473 0.0877077 0.9999979 0.0000000 0.0000000 0.0020719
1.3148847 0.0054471 0.0877077 0.9999979 0.0000000 0.0000000 0.0020719
1.3148846 0.0054469 0.0877077 0.9999979 0.0000000 0.0000000 0.0020719
1.3148845 0.0054468 0.0877077 0.9999979 0.0000000 0.0000000 0.0020719
1.3148844 0.0054466 0.0877077 0.9999979 0.0000000 0.0000000 0.0020719
1.3148843 0.0054465 0.0877077 0.9999979 0.0000000 0.0000000 0.0020719
1.3148842 0.0054463 0.0877077 0.9999979 0.0000000 0.0000000 0.0020719
1.3148841 0.0054461 0.0877076 0.9999979 0.0000000 0.0000000 0.0020719
1.3148840 0.0054460 0.0877076 0.9999979 0.0000000 0.0000000 0.0020719
1.3148839 0.0054458 0.0877076 0.9999979 0.0000000 0.0000000 0.0020719
1.3148838 0.0054457 0.0877076 0.9999979 0.0000000 0.0000000 0.0020719
1.3148837 0.0054455 0.0877076 0.9999979 0.0000000 0.0000000 0.0020719
1.3148836 0.0054453 0.0877076 0.9999979 0.0000000 0.0000000 0.0020719
1.3148835 0.0054452 0.0877076 0.9999979 0.0000000 0.0000000 0.0020719
1.3148834 0.0054450 0.0877076 0.9999979 0.0000000 0.0000000 0.0020719
1.3148833 0.0054449 0.0877076 0.9999979 0.0000000 0.0000000 0.0020719
1.3148832 0.0054447 0.0877076 0.9999979 0.0000000 0.0000000 0.0020719
1.3148831 0.0054445 0.0877076 0.9999979 0.0000000 0.0000000 0.0020719
1.3148830 0.0054444 0.0877076 0.9999979 0.0000000 0.0000000 0.0020719
1.3148829 0.0054442 0.0877076 0.9999979 0.0000000 0.0000000 0.0020719
1.3148828 0.0054441 0.0877076 0.9999979 0.0000000 0.0000000 0.0020719
1.3148827 0.0054439 0.0877075 0.9999979 0.0000000 0.0000000 0.0020719
1.3148826 0.0054438 0.0877075 0.9999979 0.0000000 0.0000000 0.0020719
1.3148825 0.0054436 0.0877075 0.9999979 0.0000000 0.0000000 0.0020719
1.3148824 0.0054434 0.0877075 0.9999979 0.0000000 0.0000000 0.0020719
1.3148823 0.0054433 0.0877075 0.9999979 0.0000000 0.0000000 0.0020719
1.3148822 0.0054431 0.0877075 0.9999979 0.0000000 0.0000000 0.0020719
1.3148821 0.0054430 0.0877075 0.9999979 0.0000000 0.0000000 0.0020719
1.3148820 0.0054428 0.0877075 0.9999979 0.0000000 0.0000000 0.0020719
1.3148819 0.0054426 0.0877075 0.9999979 0.0000000 0.0000000 0.0020719
1.3148818 0.0054425 0.0877075 0.9999979 0.0000000 0.0000000 0.0020719
1.3148817 0.0054423 0.0877075 0.9999979 0.0000000 0.0000000 0.0020719
1.3148816 0.0054422 0.0877075 0.9999979 0.0000000 0.0000000 0.0020719
1.3148815 0.0054420 0.0877075 0.9999979 0.0000000 0.0000000 0.0020719
1.3148814 0.0054418 0.0877075 0.9999979 0.0000000 0.0000000 0.0020719
1.3148813 0.0054417 0.0877074 0.9999979 0.0000000 0.0000000 0.0020719
1.3148812 0.0054415 0.0877074 0.9999979 0.0000000 0.0000000 0.0020719
1.3148811 0.0054414 0.0877074 0.9999979 0.0000000 0.0000000 0.0020719
1.3148810 0.0054412 0.0877074 0.9999979 0.0000000 0.0000000 0.0020719
1.3148809 0.0054410 0.0877074 0.9999979 0.0000000 0.0000000 0.0020719
1.3148808 0.0054409 0.0877074 0.9999979 0.0000000 0.0000000 0.0020719
1.3148807 0.0054407 0.0877074 0.9999979 0.0000000 0.0000000 0.0020719
1.3148806 0.0054406 0.0877074 0.9999979 0.0000000 0.0000000 0.0020719
1.3148805 0.0054404 0.0877074 0.9999979 0.0000000 0.0000000 0.0020719
1.3148804 0.0054402 0.0877074 0.9999979 0.0000000 0.0000000 0.0020719
1.3148803 0.0054401 0.0877074 0.9999979 0.0000000 0.0000000 0.0020719
1.3148802 0.0054399 0.0877074 0.9999979 0.0000000 0.0000000 0.0020719
1.3148801 0.0054398 0.0877074 0.9999979 0.0000000 0.0000000 0.0020719
1.3148800 0.0054396 0.0877074 0.9999979 0.0000000 0.0000000 0.0020719
1.3148799 0.0054395 0.0877074 0.9999979 0.0000000 0.0000000 0.0020719
1.3148798 0.0054393 0.0877073 0.9999979 0.0000000 0.0000000 0.0020719
1.3148797 0.0054391 0.0877073 0.9999979 0.0000000 0.0000000 0.0020719
1.3148796 0.0054390 0.0877073 0.9999979 0.0000000 0.0000000 0.0020719
1.3148795 0.0054388 0.0877073 0.9999979 0.0000000 0.0000000 0.0020719
1.3148794 0.0054387 0.0877073 0.9999979 0.0000000 0.0000000 0.0020719
1.3148793 0.0054385 0.0877073 0.9999979 0.0000000 0.0000000 0.0020719
1.3148792 0.0054383 0.0877073 0.9999979 0.0000000 0.0000000 0.0020719
1.3148791 0.0054382 0.0877073 0.9999979 0.0000000 0.0000000 0.0020719
1.3148790 0.0054380 0.0877073 0.9999979 0.0000000 0.0000000 0.0020719
1.3148789 0.0054379 0.0877073 0.9999979 0.0000000 0.0000000 0.0020719
1.3148789 0.0054377 0.0877073 0.9999979 0.0000000 0.0000000 0.0020719
1.3148788 0.0054375 0.0877073 0.9999979 0.0000000 0.0000000 0.0020719
1.3148787 0.0054374 0.0877073 0.9999979 0.0000000 0.0000000 0.0020719
1.3148786 0.0054372 0.0877073 0.9999979 0.0000000 0.0000000 0.0020719
1.3148785 0.0054371 0.0877072 0.9999979 0.0000000 0.0000000 0.0020719
1.3148784 0.0054369 0.0877072 0.9999979 0.0000000 0.0000000 0.0020719
1.3148783 0.0054367 0.0877072 0.9999979 0.0000000 0.0000000 0.0020719
1.3148782 0.0054366 0.0877072 0.9999979 0.0000000 0.0000000 0.0020719
1.3148781 0.0054364 0.0877072 0.9999979 0.0000000 0.0000000 0.0020719
1.3148780 0.0054363 0.0877072 0.9999979 0.0000000 0.0000000 0.0020719
1.3148779 0.0054361 0.0877072 0.9999979 0.0000000 0.0000000 0.0020719
1.3148778 0.0054359 0.0877072 0.9999979 0.0000000 0.0000000 0.0020719
1.3148777 0.0054358 0.0877072 0.9999979 0.0000000 0.0000000 0.0020719
1.3148776 0.0054356 0.0877072 0.9999979 0.0000000 0.0000000 0.0020719
1.3148775 0.0054355 0.0877072 0.9999979 0.0000000 0.0000000 0.0020719
1.3148774 0.0054353 0.0877072 0.9999979 0.0000000 0.0000000 0.0020719
1.3148773 0.0054352 0.0877072 0.9999979 0.0000000 0.0000000 0.0020719
1.3148772 0.0054350 0.0877072 0.9999979 0.0000000 0.0000000 0.0020719
1.3148771 0.0054348 0.0877072 0.9999979 0.0000000 0.0000000 0.0020719
1.3148770 0.0054347 0.0877071 0.9999979 0.0000000 0.0000000 0.0020719
1.3148769 0.0054345 0.0877071 0.9999979 0.0000000 0.0000000 0.0020719
1.3148768 0.0054344 0.0877071 0.9999979 0.0000000 0.0000000 0.0020719
1.3148767 0.0054342 0.0877071 0.9999979 0.0000000 0.0000000 0.0020719
1.3148766 0.0054340 0.0877071 0.9999979 0.0000000 0.0000000 0.0020719
1.3148765 0.0054339 0.0877071 0.9999979 0.0000000 0.0000000 0.0020719
1.3148764 0.0054337 0.0877071 0.9999979 0.0000000 0.0000000 0.0020719
1.3148763 0.0054336 0.0877071 0.9999979 0.0000000 0.0000000 0.0020719
1.3148762 0.0054334 0.0877071 0.9999979 0.0000000 0.0000000 0.0020719
1.3148761 0.0054332 0.0877071 0.9999979 0.0000000 0.0000000 0.0020719
1.3148760 0.0054331 0.0877071 0.9999979 0.0000000 0.0000000 0.0020719
1.3148759 0.0054329 0.0877071 0.9999979 0.0000000 0.0000000 0.0020719
1.3148758 0.0054328 0.0877071 0.9999979 0.0000000 0.0000000 0.0020719
1.3148757 0.0054326 0.0877071 0.9999979 0.0000000 0.0000000 0.0020719
1.3148756 0.0054324 0.0877070 0.9999979 0.0000000 0.0000000 0.0020719
1.3148755 0.0054323 0.0877070 0.9999979 0.0000000 0.0000000 0.0020719
1.3148754 0.0054321 0.0877070 0.9999979 0.0000000 0.0000000 0.0020719
1.3148753 0.0054320 0.0877070 0.9999979 0.0000000 0.0000000 0.0020719
1.3148752 0.0054318 0.0877070 0.9999979 0.0000000 0.0000000 0.0020719
1.3148751 0.0054316 0.0877070 0.9999979 0.0000000 0.0000000 0.0020719
1.3148750 0.0054315 0.0877070 0.9999979 0.0000000 0.0000000 0.0020719
1.3148749 0.0054313 0.0877070 0.9999979 0.0000000 0.0000000 0.0020719
1.3148748 0.0054312 0.0877070 0.9999979 0.0000000 0.0000000 0.0020719
1.3148747 0.0054310 0.0877070 0.9999979 0.0000000 0.0000000 0.0020719
1.3148746 0.0054309 0.0877070 0.9999979 0.0000000 0.0000000 0.0020719
1.3148745 0.0054307 0.0877070 0.9999979 0.0000000 0.0000000 0.0020719
1.3148744 0.0054305 0.0877070 0.9999979 0.0000000 0.0000000 0.0020719
1.3148743 0.0054304 0.0877070 0.9999979 0.0000000 0.0000000 0.0020719
1.3148742 0.0054302 0.0877069 0.9999979 0.0000000 0.0000000 0.0020719
1.3148741 0.0054301 0.0877069 0.9999979 0.0000000 0.0000000 0.0020719
1.3148740 0.0054299 0.0877069 0.9999979 0.0000000 0.0000000 0.0020719
1.3148739 0.0054297 0.0877069 0.9999979 0.0000000 0.0000000 0.0020719
1.3148738 0.0054296 0.0877069 0.9999979 0.0000000 0.0000000 0.0020719
1.3148737 0.0054294 0.0877069 0.9999979 0.0000000 0.0000000 0.0020719
1.3148736 0.0054293 0.0877069 0.9999979 0.0000000 0.0000000 0.0020719
1.3148735 0.0054291 0.0877069 0.9999979 0.0000000 0.0000000 0.0020719
1.3148734 0.0054289 0.0877069 0.9999979 0.0000000 0.0000000 0.0020719
1.3148733 0.0054288 0.0877069 0.9999979 0.0000000 0.0000000 0.0020719
1.3148732 0.0054286 0.0877069 0.9999979 0.0000000 0.0000000 0.0020719
1.3148731 0.0054285 0.0877069 0.9999979 0.0000000 0.0000000 0.0020719
1.3148730 0.0054283 0.0877069 0.9999979 0.0000000 0.0000000 0.0020719
1.3148729 0.0054281 0.0877069 0.9999979 0.0000000 0.0000000 0.0020719
1.3148728 0.0054280 0.0877069 0.9999979 0.0000000 0.0000000 0.0020719
1.3148727 0.0054278 0.0877068 0.9999979 0.0000000 0.0000000 0.0020719
1.3148726 0.0054277 0.0877068 0.9999979 0.0000000 0.0000000 0.0020719
1.3148725 0.0054275 0.0877068 0.9999979 0.0000000 0.0000000 0.0020719
1.3148724 0.0054274 0.0877068 0.9999979 0.0000000 0.0000000 0.0020719
1.3148723 0.0054272 0.0877068 0.9999979 0.0000000 0.0000000 0.0020719
1.3148722 0.0054270 0.0877068 0.9999979 0.0000000 0.0000000 0.0020719
1.3148721 0.0054269 0.0877068 0.9999979 0.0000000 0.0000000 0.0020719
1.3148720 0.0054267 0.0877068 0.9999979 0.0000000 0.0000000 0.0020719
1.3148719 0.0054266 0.0877068 0.9999979 0.0000000 0.0000000 0.0020719
1.3148718 0.0054264 0.0877068 0.9999979 0.0000000 0.0000000 0.0020719
1.3148717 0.0054262 0.0877068 0.9999979 0.0000000 0.0000000 0.0020719
1.3148716 0.0054261 0.0877068 0.9999979 0.0000000 0.0000000 0.0020719
1.3148715 0.0054259 0.0877068 0.9999979 0.0000000 0.0000000 0.0020719
1.3148714 0.0054258 0.0877068 0.9999979 0.0000000 0.0000000 0.0020719
1.3148713 0.0054256 0.0877067 0.9999979 0.0000000 0.0000000 0.0020719
1.3148712 0.0054254 0.0877067 0.9999979 0.0000000 0.0000000 0.0020719
1.3148711 0.0054253 0.0877067 0.9999979 0.0000000 0.0000000 0.0020719
1.3148710 0.0054251 0.0877067 0.9999979 0.0000000 0.0000000 0.0020719
1.3148709 0.0054250 0.0877067 0.9999979 0.0000000 0.0000000 0.0020719
1.3148708 0.0054248 0.0877067 0.9999979 0.0000000 0.0000000 0.0020719
1.3148707 0.0054246 0.0877067 0.9999979 0.0000000 0.0000000 0.0020719
1.3148706 0.0054245 0.0877067 0.9999979 0.0000000 0.0000000 0.0020719
1.3148705 0.0054243 0.0877067 0.9999979 0.0000000 0.0000000 0.0020719
1.3148704 0.0054242 0.0877067 0.9999979 0.0000000 0.0000000 0.0020719
1.3148703 0.0054240 0.0877067 0.9999979 0.0000000 0.0000000 0.0020719
1.3148702 0.0054238 0.0877067 0.9999979 0.0000000 0.0000000 0.0020719
1.3148701 0.0054237 0.0877067 0.9999979 0.0000000 0.0000000 0.0020719
1.3148700 0.0054235 0.0877067 0.9999979 0.0000000 0.0000000 0.0020719
1.3148699 0.0054234 0.0877067 0.9999979 0.0000000 0.0000000 0.0020719
1.3148698 0.0054232 0.0877066 0.9999979 0.0000000 0.0000000 0.0020719
1.3148697 0.0054231 0.0877066 0.9999979 0.0000000 0.0000000 0.0020719
1.3148696 0.0054229 0.0877066 0.9999979 0.0000000 0.0000000 0.0020719
1.3148695 0.0054227 0.0877066 0.9999979 0.0000000 0.0000000 0.0020719
1.3148694 0.0054226 0.0877066 0.9999979 0.0000000 0.0000000 0.0020719
1.3148693 0.0054224 0.0877066 0.9999979 0.0000000 0.0000000 0.0020719
1.3148692 0.0054223 0.0877066 0.9999979 0.0000000 0.0000000 0.0020719
1.3148691 0.0054221 0.0877066 0.9999979 0.0000000 0.0000000 0.0020719
1.3148690 0.0054219 0.0877066 0.9999979 0.0000000 0.0000000 0.0020719
1.3148689 0.0054218 0.0877066 0.9999979 0.0000000 0.0000000 0.0020719
1.3148688 0.0054216 0.0877066 0.9999979 0.0000000 0.0000000 0.0020719
1.3148687 0.0054215 0.0877066 0.9999979 0.0000000 0.0000000 0.0020719
1.3148686 0.0054213 0.0877066 0.9999979 0.0000000 0.0000000 0.0020719
1.3148685 0.0054211 0.0877066 0.9999979 0.0000000 0.0000000 0.0020719
1.3148684 0.0054210 0.0877065 0.9999979 0.0000000 0.0000000 0.0020719
1.3148683 0.0054208 0.0877065 0.9999979 0.0000000 0.0000000 0.0020719
1.3148682 0.0054207 0.0877065 0.9999979 0.0000000 0.0000000 0.0020719
1.3148681 0.0054205 0.0877065 0.9999979 0.0000000 0.0000000 0.0020719
1.3148680 0.0054203 0.0877065 0.9999979 0.0000000 0.0000000 0.0020719
1.3148679 0.0054202 0.0877065 0.9999979 0.0000000 0.0000000 0.0020719
1.3148678 0.0054200 0.0877065 0.9999979 0.0000000 0.0000000 0.0020719
1.3148677 0.0054199 0.0877065 0.9999979 0.0000000 0.0000000 0.0020719
1.3148676 0.0054197 0.0877065 0.9999979 0.0000000 0.0000000 0.0020719
1.3148675 0.0054195 0.0877065 0.9999979 0.0000000 0.0000000 0.0020719
1.3148674 0.0054194 0.0877065 0.9999979 0.0000000 0.0000000 0.0020719
1.3148673 0.0054192 0.0877065 0.9999979 0.0000000 0.0000000 0.0020719
1.3148672 0.0054191 0.0877065 0.9999979 0.0000000 0.0000000 0.0020719
1.3148671 0.0054189 0.0877065 0.9999979 0.0000000 0.0000000 0.0020719
1.3148670 0.0054188 0.0877064 0.9999979 0.0000000 0.0000000 0.0020719
1.3148669 0.0054186 0.0877064 0.9999979 0.0000000 0.0000000 0.0020719
1.3148668 0.0054184 0.0877064 0.9999979 0.0000000 0.0000000 0.0020719
1.3148667 0.0054183 0.0877064 0.9999979 0.0000000 0.0000000 0.0020719
1.3148666 0.0054181 0.0877064 0.9999979 0.0000000 0.0000000 0.0020719
1.3148665 0.0054180 0.0877064 0.9999979 0.0000000 0.0000000 0.0020719
1.3148664 0.0054178 0.0877064 0.9999979 0.0000000 0.0000000 0.0020719
1.3148663 0.0054176 0.0877064 0.9999979 0.0000000 0.0000000 0.0020719
1.3148662 0.0054175 0.0877064 0.9999979 0.0000000 0.0000000 0.0020719
1.3148661 0.0054173 0.0877064 0.9999979 0.0000000 0.0000000 0.0020719
1.3148660 0.0054172 0.0877064 0.9999979 0.0000000 0.0000000 0.0020719
1.3148659 0.0054170 0.0877064 0.9999979 0.0000000 0.0000000 0.0020719
1.3148658 0.0054168 0.0877064 0.9999979 0.0000000 0.0000000 0.0020719
1.3148657 0.0054167 0.0877064 0.9999979 0.0000000 0.0000000 0.0020719
1.3148656 0.0054165 0.0877064 0.9999979 0.0000000 0.0000000 0.0020719
1.3148655 0.0054164 0.0877063 0.9999979 0.0000000 0.0000000 0.0020719
1.3148654 0.0054162 0.0877063 0.9999979 0.0000000 0.0000000 0.0020719
1.3148653 0.0054160 0.0877063 0.9999979 0.0000000 0.0000000 0.0020719
1.3148652 0.0054159 0.0877063 0.9999979 0.0000000 0.0000000 0.0020719
1.3148651 0.0054157 0.0877063 0.9999979 0.0000000 0.0000000 0.0020719
1.3148650 0.0054156 0.0877063 0.9999979 0.0000000 0.0000000 0.0020719
1.3148649 0.0054154 0.0877063 0.9999979 0.0000000 0.0000000 0.0020719
1.3148648 0.0054152 0.0877063 0.9999979 0.0000000 0.0000000 0.0020719
1.3148647 0.0054151 0.0877063 0.9999979 0.0000000 0.0000000 0.0020719
1.3148646 0.0054149 0.0877063 0.9999979 0.0000000 0.0000000 0.0020719
1.3148645 0.0054148 0.0877063 0.9999979 0.0000000 0.0000000 0.0020719
1.3148644 0.0054146 0.0877063 0.9999979 0.0000000 0.0000000 0.0020719
1.3148643 0.0054145 0.0877063 0.9999979 0.0000000 0.0000000 0.0020719
1.3148642 0.0054143 0.0877063 0.9999979 0.0000000 0.0000000 0.0020719
1.3148641 0.0054141 0.0877062 0.9999979 0.0000000 0.0000000 0.0020719
1.3148640 0.0054140 0.0877062 0.9999979 0.0000000 0.0000000 0.0020719
1.3148639 0.0054138 0.0877062 0.9999979 0.0000000 0.0000000 0.0020719
1.3148638 0.0054137 0.0877062 0.9999979 0.0000000 0.0000000 0.0020719
1.3148637 0.0054135 0.0877062 0.9999979 0.0000000 0.0000000 0.0020719
1.3148636 0.0054133 0.0877062 0.9999979 0.0000000 0.0000000 0.0020719
1.3148635 0.0054132 0.0877062 0.9999979 0.0000000 0.0000000 0.0020719
1.3148634 0.0054130 0.0877062 0.9999979 0.0000000 0.0000000 0.0020719
1.3148633 0.0054129 0.0877062 0.9999979 0.0000000 0.0000000 0.0020719
1.3148632 0.0054127 0.0877062 0.9999979 0.0000000 0.0000000 0.0020719
1.3148631 0.0054125 0.0877062 0.9999979 0.0000000 0.0000000 0.0020719
1.3148630 0.0054124 0.0877062 0.9999979 0.0000000 0.0000000 0.0020719
1.3148629 0.0054122 0.0877062 0.9999979 0.0000000 0.0000000 0.0020719
1.3148628 0.0054121 0.0877062 0.9999979 0.0000000 0.0000000 0.0020719
1.3148627 0.0054119 0.0877062 0.9999979 0.0000000 0.0000000 0.0020719
1.3148626 0.0054117 0.0877061 0.9999979 0.0000000 0.0000000 0.0020719
1.3148625 0.0054116 0.0877061 0.9999979 0.0000000 0.0000000 0.0020719
1.3148624 0.0054114 0.0877061 0.9999979 0.0000000 0.0000000 0.0020719
1.3148623 0.0054113 0.0877061 0.9999979 0.0000000 0.0000000 0.0020719
1.3148622 0.0054111 0.0877061 0.9999979 0.0000000 0.0000000 0.0020719
1.3148621 0.0054109 0.0877061 0.9999979 0.0000000 0.0000000 0.0020719
1.3148620 0.0054108 0.0877061 0.9999979 0.0000000 0.0000000 0.0020719
1.3148619 0.0054106 0.0877061 0.9999979 0.0000000 0.0000000 0.0020719
1.3148618 0.0054105 0.0877061 0.9999979 0.0000000 0.0000000 0.0020719
1.3148617 0.0054103 0.0877061 0.9999979 0.0000000 0.0000000 0.0020719
1.3148616 0.0054102 0.0877061 0.9999979 0.0000000 0.0000000 0.0020719
1.3148615 0.0054100 0.0877061 0.9999979 0.0000000 0.0000000 0.0020719
1.3148614 0.0054098 0.0877061 0.9999979 0.0000000 0.0000000 0.0020719
1.3148613 0.0054097 0.0877061 0.9999979 0.0000000 0.0000000 0.0020719
1.3148612 0.0054095 0.0877060 0.9999979 0.0000000 0.0000000 0.0020719
1.3148611 0.0054094 0.0877060 0.9999979 0.0000000 0.0000000 0.0020719
1.3148610 0.0054092 0.0877060 0.9999979 0.0000000 0.0000000 0.0020719
1.3148609 0.0054090 0.0877060 0.9999979 0.0000000 0.0000000 0.0020719
1.3148608 0.0054089 0.0877060 0.9999979 0.0000000 0.0000000 0.0020719
1.3148607 0.0054087 0.0877060 0.9999979 0.0000000 0.0000000 0.0020719
1.3148606 0.0054086 0.0877060 0.9999979 0.0000000 0.0000000 0.0020719
1.3148605 0.0054084 0.0877060 0.9999979 0.0000000 0.0000000 0.0020719
1.3148604 0.0054082 0.0877060 0.9999979 0.0000000 0.0000000 0.0020719
1.3148603 0.0054081 0.0877060 0.9999979 0.0000000 0.0000000 0.0020719
1.3148602 0.0054079 0.0877060 0.9999979 0.0000000 0.0000000 0.0020719
