-0.9054136 0.5470842 0.2121836 0.0000000 0.0000000 0.0000000 -1.0000000
-0.9054135 0.5470842 0.2121836 0.0000000 0.0000000 0.0000000 -1.0000000
-0.9054134 0.5470843 0.2121836 0.0000000 0.0000000 0.0000000 -1.0000000
-0.9054133 0.5470843 0.2121836 0.0000000 0.0000000 0.0000000 -1.0000000
-0.9054132 0.5470843 0.2121836 0.0000000 0.0000000 0.0000000 -1.0000000
-0.9054132 0.5470843 0.2121836 0.0000000 0.0000000 0.0000000 -1.0000000
-0.9054131 0.5470843 0.2121836 0.0000000 0.0000000 0.0000000 -1.0000000
-0.9054130 0.5470844 0.2121836 0.0000000 0.0000000 0.0000000 -1.0000000
-0.9054129 0.5470844 0.2121836 0.0000000 0.0000000 0.0000000 -1.0000000
-0.9054128 0.5470844 0.2121836 0.0000000 0.0000000 0.0000000 -1.0000000
-0.9054128 0.5470844 0.2121836 0.0000000 0.0000000 0.0000000 -1.0000000
-0.9054127 0.5470844 0.2121836 0.0000000 0.0000000 0.0000000 -1.0000000
-0.9054126 0.5470845 0.2121836 0.0000000 0.0000000 0.0000000 -1.0000000
-0.9054125 0.5470845 0.2121836 0.0000000 0.0000000 0.0000000 -1.0000000
-0.9054124 0.5470845 0.2121836 0.0000000 0.0000000 0.0000000 -1.0000000
-0.9054123 0.5470845 0.2121836 0.0000000 0.0000000 0.0000000 -1.0000000
-0.9054123 0.5470845 0.2121836 0.0000000 0.0000000 0.0000000 -1.0000000
-0.9054122 0.5470846 0.2121836 0.0000000 0.0000000 0.0000000 -1.0000000
-0.9054121 0.5470846 0.2121836 0.0000000 0.0000000 0.0000000 -1.0000000
-0.9054120 0.5470846 0.2121836 0.0000000 0.0000000 0.0000000 -1.0000000
-0.9054119 0.5470846 0.2121836 0.0000000 0.0000000 0.0000000 -1.0000000
-0.9054118 0.5470846 0.2121836 0.0000000 0.0000000 0.0000000 -1.0000000
-0.9054118 0.5470847 0.2121836 0.0000000 0.0000000 0.0000000 -1.0000000
-0.9054117 0.5470847 0.2121836 0.0000000 0.0000000 0.0000000 -1.0000000
-0.9054116 0.5470847 0.2121836 0.0000000 0.0000000 0.0000000 -1.0000000
-0.9054115 0.5470847 0.2121836 0.0000000 0.0000000 0.0000000 -1.0000000
-0.9054114 0.5470847 0.2121836 0.0000000 0.0000000 0.0000000 -1.0000000
-0.9054113 0.5470848 0.2121836 0.0000000 0.0000000 0.0000000 -1.0000000
-0.9054113 0.5470848 0.2121836 0.0000000 0.0000000 0.0000000 -1.0000000
-0.9054112 0.5470848 0.2121836 0.0000000 0.0000000 0.0000000 -1.0000000
-0.9054111 0.5470848 0.2121836 0.0000000 0.0000000 0.0000000 -1.0000000
-0.9054110 0.5470848 0.2121836 0.0000000 0.0000000 0.0000000 -1.0000000
-0.9054109 0.5470849 0.2121835 0.0000000 0.0000000 0.0000000 -1.0000000
-0.9054109 0.5470849 0.2121835 0.0000000 0.0000000 0.0000000 -1.0000000
-0.9054108 0.5470849 0.2121835 0.0000000 0.0000000 0.0000000 -1.0000000
-0.9054107 0.5470849 0.2121835 0.0000000 0.0000000 0.0000000 -1.0000000
-0.9054106 0.5470849 0.2121835 0.0000000 0.0000000 0.0000000 -1.0000000
-0.9054105 0.5470850 0.2121835 0.0000000 0.0000000 0.0000000 -1.0000000
-0.9054104 0.5470850 0.2121835 0.0000000 0.0000000 0.0000000 -1.0000000
-0.9054104 0.5470850 0.2121835 0.0000000 0.0000000 0.0000000 -1.0000000
-0.9054103 0.5470850 0.2121835 0.0000000 0.0000000 0.0000000 -1.0000000
-0.9054102 0.5470850 0.2121835 0.0000000 0.0000000 0.0000000 -1.0000000
-0.9054101 0.5470851 0.2121835 0.0000000 0.0000000 0.0000000 -1.0000000
-0.9054100 0.5470851 0.2121835 0.0000000 0.0000000 0.0000000 -1.0000000
-0.9054099 0.5470851 0.2121835 0.0000000 0.0000000 0.0000000 -1.0000000
-0.9054099 0.5470851 0.2121835 0.0000000 0.0000000 0.0000000 -1.0000000
-0.9054098 0.5470851 0.2121835 0.0000000 0.0000000 0.0000000 -1.0000000
-0.9054097 0.5470852 0.2121835 0.0000000 0.0000000 0.0000000 -1.0000000
-0.9054096 0.5470852 0.2121835 0.0000000 0.0000000 0.0000000 -1.0000000
-0.9054095 0.5470852 0.2121835 0.0000000 0.0000000 0.0000000 -1.0000000
-0.9054094 0.5470852 0.2121835 0.0000000 0.0000000 0.0000000 -1.0000000
-0.9054094 0.5470852 0.2121835 0.0000000 0.0000000 0.0000000 -1.0000000
-0.9054093 0.5470853 0.2121835 0.0000000 0.0000000 0.0000000 -1.0000000
-0.9054092 0.5470853 0.2121835 0.0000000 0.0000000 0.0000000 -1.0000000
-0.9054091 0.5470853 0.2121835 0.0000000 0.0000000 0.0000000 -1.0000000
-0.9054090 0.5470853 0.2121835 0.0000000 0.0000000 0.0000000 -1.0000000
-0.9054090 0.5470853 0.2121835 0.0000000 0.0000000 0.0000000 -1.0000000
-0.9054089 0.5470854 0.2121835 0.0000000 0.0000000 0.0000000 -1.0000000
-0.9054088 0.5470854 0.2121835 0.0000000 0.0000000 0.0000000 -1.0000000
-0.9054087 0.5470854 0.2121835 0.0000000 0.0000000 0.0000000 -1.0000000
-0.9054086 0.5470854 0.2121835 0.0000000 0.0000000 0.0000000 -1.0000000
-0.9054085 0.5470854 0.2121835 0.0000000 0.0000000 0.0000000 -1.0000000
-0.9054085 0.5470855 0.2121835 0.0000000 0.0000000 0.0000000 -1.0000000
-0.9054084 0.5470855 0.2121835 0.0000000 0.0000000 0.0000000 -1.0000000
-0.9054083 0.5470855 0.2121835 0.0000000 0.0000000 0.0000000 -1.0000000
-0.9054082 0.5470855 0.2121835 0.0000000 0.0000000 0.0000000 -1.0000000
-0.9054081 0.5470855 0.2121835 0.0000000 0.0000000 0.0000000 -1.0000000
-0.9054080 0.5470856 0.2121835 0.0000000 0.0000000 0.0000000 -1.0000000
-0.9054080 0.5470856 0.2121835 0.0000000 0.0000000 0.0000000 -1.0000000
-0.9054079 0.5470856 0.2121835 0.0000000 0.0000000 0.0000000 -1.0000000
-0.9054078 0.5470856 0.2121835 0.0000000 0.0000000 0.0000000 -1.0000000
-0.9054077 0.5470857 0.2121835 0.0000000 0.0000000 0.0000000 -1.0000000
-0.9054076 0.5470857 0.2121835 0.0000000 0.0000000 0.0000000 -1.0000000
-0.9054075 0.5470857 0.2121835 0.0000000 0.0000000 0.0000000 -1.0000000
-0.9054075 0.5470857 0.2121835 0.0000000 0.0000000 0.0000000 -1.0000000
-0.9054074 0.5470857 0.2121835 0.0000000 0.0000000 0.0000000 -1.0000000
-0.9054073 0.5470858 0.2121835 0.0000000 0.0000000 0.0000000 -1.0000000
-0.9054072 0.5470858 0.2121835 0.0000000 0.0000000 0.0000000 -1.0000000
-0.9054071 0.5470858 0.2121835 0.0000000 0.0000000 0.0000000 -1.0000000
-0.9054071 0.5470858 0.2121835 0.0000000 0.0000000 0.0000000 -1.0000000
-0.9054070 0.5470858 0.2121835 0.0000000 0.0000000 0.0000000 -1.0000000
-0.9054069 0.5470859 0.2121835 0.0000000 0.0000000 0.0000000 -1.0000000
-0.9054068 0.5470859 0.2121835 0.0000000 0.0000000 0.0000000 -1.0000000
-0.9054067 0.5470859 0.2121835 0.0000000 0.0000000 0.0000000 -1.0000000
-0.9054066 0.5470859 0.2121835 0.0000000 0.0000000 0.0000000 -1.0000000
-0.9054066 0.5470859 0.2121835 0.0000000 0.0000000 0.0000000 -1.0000000
-0.9054065 0.5470860 0.2121835 0.0000000 0.0000000 0.0000000 -1.0000000
-0.9054064 0.5470860 0.2121835 0.0000000 0.0000000 0.0000000 -1.0000000
-0.9054063 0.5470860 0.2121835 0.0000000 0.0000000 0.0000000 -1.0000000
-0.9054062 0.5470860 0.2121835 0.0000000 0.0000000 0.0000000 -1.0000000
-0.9054061 0.5470860 0.2121835 0.0000000 0.0000000 0.0000000 -1.0000000
-0.9054061 0.5470861 0.2121835 0.0000000 0.0000000 0.0000000 -1.0000000
-0.9054060 0.5470861 0.2121835 0.0000000 0.0000000 0.0000000 -1.0000000
-0.9054059 0.5470861 0.2121835 0.0000000 0.0000000 0.0000000 -1.0000000
-0.9054058 0.5470861 0.2121835 0.0000000 0.0000000 0.0000000 -1.0000000
-0.9054057 0.5470861 0.2121835 0.0000000 0.0000000 0.0000000 -1.0000000
-0.9054056 0.5470862 0.2121835 0.0000000 0.0000000 0.0000000 -1.0000000
-0.9054056 0.5470862 0.2121835 0.0000000 0.0000000 0.0000000 -1.0000000
-0.9054055 0.5470862 0.2121835 0.0000000 0.0000000 0.0000000 -1.0000000
-0.9054054 0.5470862 0.2121835 0.0000000 0.0000000 0.0000000 -1.0000000
-0.9054053 0.5470862 0.2121835 0.0000000 0.0000000 0.0000000 -1.0000000
-0.9054052 0.5470863 0.2121835 0.0000000 0.0000000 0.0000000 -1.0000000
-0.9054052 0.5470863 0.2121834 0.0000000 0.0000000 0.0000000 -1.0000000
-0.9054051 0.5470863 0.2121834 0.0000000 0.0000000 0.0000000 -1.0000000
-0.9054050 0.5470863 0.2121834 0.0000000 0.0000000 0.0000000 -1.0000000
-0.9054049 0.5470863 0.2121834 0.0000000 0.0000000 0.0000000 -1.0000000
-0.9054048 0.5470864 0.2121834 0.0000000 0.0000000 0.0000000 -1.0000000
-0.9054047 0.5470864 0.2121834 0.0000000 0.0000000 0.0000000 -1.0000000
-0.9054047 0.5470864 0.2121834 0.0000000 0.0000000 0.0000000 -1.0000000
-0.9054046 0.5470864 0.2121834 0.0000000 0.0000000 0.0000000 -1.0000000
-0.9054045 0.5470864 0.2121834 0.0000000 0.0000000 0.0000000 -1.0000000
-0.9054044 0.5470865 0.2121834 0.0000000 0.0000000 0.0000000 -1.0000000
-0.9054043 0.5470865 0.2121834 0.0000000 0.0000000 0.0000000 -1.0000000
-0.9054042 0.5470865 0.2121834 0.0000000 0.0000000 0.0000000 -1.0000000
-0.9054042 0.5470865 0.2121834 0.0000000 0.0000000 0.0000000 -1.0000000
-0.9054041 0.5470865 0.2121834 0.0000000 0.0000000 0.0000000 -1.0000000
-0.9054040 0.5470866 0.2121834 0.0000000 0.0000000 0.0000000 -1.0000000
-0.9054039 0.5470866 0.2121834 0.0000000 0.0000000 0.0000000 -1.0000000
-0.9054038 0.5470866 0.2121834 0.0000000 0.0000000 0.0000000 -1.0000000
-0.9054037 0.5470866 0.2121834 0.0000000 0.0000000 0.0000000 -1.0000000
-0.9054037 0.5470866 0.2121834 0.0000000 0.0000000 0.0000000 -1.0000000
-0.9054036 0.5470867 0.2121834 0.0000000 0.0000000 0.0000000 -1.0000000
-0.9054035 0.5470867 0.2121834 0.0000000 0.0000000 0.0000000 -1.0000000
-0.9054034 0.5470867 0.2121834 0.0000000 0.0000000 0.0000000 -1.0000000
-0.9054033 0.5470867 0.2121834 0.0000000 0.0000000 0.0000000 -1.0000000
-0.9054033 0.5470867 0.2121834 0.0000000 0.0000000 0.0000000 -1.0000000
-0.9054032 0.5470868 0.2121834 0.0000000 0.0000000 0.0000000 -1.0000000
-0.9054031 0.5470868 0.2121834 0.0000000 0.0000000 0.0000000 -1.0000000
-0.9054030 0.5470868 0.2121834 0.0000000 0.0000000 0.0000000 -1.0000000
-0.9054029 0.5470868 0.2121834 0.0000000 0.0000000 0.0000000 -1.0000000
-0.9054028 0.5470868 0.2121834 0.0000000 0.0000000 0.0000000 -1.0000000
-0.9054028 0.5470869 0.2121834 0.0000000 0.0000000 0.0000000 -1.0000000
-0.9054027 0.5470869 0.2121834 0.0000000 0.0000000 0.0000000 -1.0000000
-0.9054026 0.5470869 0.2121834 0.0000000 0.0000000 0.0000000 -1.0000000
-0.9054025 0.5470869 0.2121834 0.0000000 0.0000000 0.0000000 -1.0000000
-0.9054024 0.5470869 0.2121834 0.0000000 0.0000000 0.0000000 -1.0000000
-0.9054023 0.5470870 0.2121834 0.0000000 0.0000000 0.0000000 -1.0000000
-0.9054023 0.5470870 0.2121834 0.0000000 0.0000000 0.0000000 -1.0000000
-0.9054022 0.5470870 0.2121834 0.0000000 0.0000000 0.0000000 -1.0000000
-0.9054021 0.5470870 0.2121834 0.0000000 0.0000000 0.0000000 -1.0000000
-0.9054020 0.5470870 0.2121834 0.0000000 0.0000000 0.0000000 -1.0000000
-0.9054019 0.5470871 0.2121834 0.0000000 0.0000000 0.0000000 -1.0000000
-0.9054018 0.5470871 0.2121834 0.0000000 0.0000000 0.0000000 -1.0000000
-0.9054018 0.5470871 0.2121834 0.0000000 0.0000000 0.0000000 -1.0000000
-0.9054017 0.5470871 0.2121834 0.0000000 0.0000000 0.0000000 -1.0000000
-0.9054016 0.5470872 0.2121834 0.0000000 0.0000000 0.0000000 -1.0000000
-0.9054015 0.5470872 0.2121834 0.0000000 0.0000000 0.0000000 -1.0000000
-0.9054014 0.5470872 0.2121834 0.0000000 0.0000000 0.0000000 -1.0000000
-0.9054014 0.5470872 0.2121834 0.0000000 0.0000000 0.0000000 -1.0000000
-0.9054013 0.5470872 0.2121834 0.0000000 0.0000000 0.0000000 -1.0000000
-0.9054012 0.5470873 0.2121834 0.0000000 0.0000000 0.0000000 -1.0000000
-0.9054011 0.5470873 0.2121834 0.0000000 0.0000000 0.0000000 -1.0000000
-0.9054010 0.5470873 0.2121834 0.0000000 0.0000000 0.0000000 -1.0000000
-0.9054009 0.5470873 0.2121834 0.0000000 0.0000000 0.0000000 -1.0000000
-0.9054009 0.5470873 0.2121834 0.0000000 0.0000000 0.0000000 -1.0000000
-0.9054008 0.5470874 0.2121834 0.0000000 0.0000000 0.0000000 -1.0000000
-0.9054007 0.5470874 0.2121834 0.0000000 0.0000000 0.0000000 -1.0000000
-0.9054006 0.5470874 0.2121834 0.0000000 0.0000000 0.0000000 -1.0000000
-0.9054005 0.5470874 0.2121834 0.0000000 0.0000000 0.0000000 -1.0000000
-0.9054004 0.5470874 0.2121834 0.0000000 0.0000000 0.0000000 -1.0000000
-0.9054004 0.5470875 0.2121834 0.0000000 0.0000000 0.0000000 -1.0000000
-0.9054003 0.5470875 0.2121834 0.0000000 0.0000000 0.0000000 -1.0000000
-0.9054002 0.5470875 0.2121834 0.0000000 0.0000000 0.0000000 -1.0000000
-0.9054001 0.5470875 0.2121834 0.0000000 0.0000000 0.0000000 -1.0000000
-0.9054000 0.5470875 0.2121834 0.0000000 0.0000000 0.0000000 -1.0000000
-0.9053999 0.5470876 0.2121834 0.0000000 0.0000000 0.0000000 -1.0000000
-0.9053999 0.5470876 0.2121834 0.0000000 0.0000000 0.0000000 -1.0000000
-0.9053998 0.5470876 0.2121834 0.0000000 0.0000000 0.0000000 -1.0000000
-0.9053997 0.5470876 0.2121834 0.0000000 0.0000000 0.0000000 -1.0000000
-0.9053996 0.5470876 0.2121834 0.0000000 0.0000000 0.0000000 -1.0000000
-0.9053995 0.5470877 0.2121834 0.0000000 0.0000000 0.0000000 -1.0000000
-0.9053995 0.5470877 0.2121833 0.0000000 0.0000000 0.0000000 -1.0000000
-0.9053994 0.5470877 0.2121833 0.0000000 0.0000000 0.0000000 -1.0000000
-0.9053993 0.5470877 0.2121833 0.0000000 0.0000000 0.0000000 -1.0000000
-0.9053992 0.5470877 0.2121833 0.0000000 0.0000000 0.0000000 -1.0000000
-0.9053991 0.5470878 0.2121833 0.0000000 0.0000000 0.0000000 -1.0000000
-0.9053990 0.5470878 0.2121833 0.0000000 0.0000000 0.0000000 -1.0000000
-0.9053990 0.5470878 0.2121833 0.0000000 0.0000000 0.0000000 -1.0000000
-0.9053989 0.5470878 0.2121833 0.0000000 0.0000000 0.0000000 -1.0000000
-0.9053988 0.5470878 0.2121833 0.0000000 0.0000000 0.0000000 -1.0000000
-0.9053987 0.5470879 0.2121833 0.0000000 0.0000000 0.0000000 -1.0000000
-0.9053986 0.5470879 0.2121833 0.0000000 0.0000000 0.0000000 -1.0000000
-0.9053985 0.5470879 0.2121833 0.0000000 0.0000000 0.0000000 -1.0000000
-0.9053985 0.5470879 0.2121833 0.0000000 0.0000000 0.0000000 -1.0000000
-0.9053984 0.5470879 0.2121833 0.0000000 0.0000000 0.0000000 -1.0000000
-0.9053983 0.5470880 0.2121833 0.0000000 0.0000000 0.0000000 -1.0000000
-0.9053982 0.5470880 0.2121833 0.0000000 0.0000000 0.0000000 -1.0000000
-0.9053981 0.5470880 0.2121833 0.0000000 0.0000000 0.0000000 -1.0000000
-0.9053980 0.5470880 0.2121833 0.0000000 0.0000000 0.0000000 -1.0000000
-0.9053980 0.5470880 0.2121833 0.0000000 0.0000000 0.0000000 -1.0000000
-0.9053979 0.5470881 0.2121833 0.0000000 0.0000000 0.0000000 -1.0000000
-0.9053978 0.5470881 0.2121833 0.0000000 0.0000000 0.0000000 -1.0000000
-0.9053977 0.5470881 0.2121833 0.0000000 0.0000000 0.0000000 -1.0000000
-0.9053976 0.5470881 0.2121833 0.0000000 0.0000000 0.0000000 -1.0000000
-0.9053976 0.5470881 0.2121833 0.0000000 0.0000000 0.0000000 -1.0000000
-0.9053975 0.5470882 0.2121833 0.0000000 0.0000000 0.0000000 -1.0000000
-0.9053974 0.5470882 0.2121833 0.0000000 0.0000000 0.0000000 -1.0000000
-0.9053973 0.5470882 0.2121833 0.0000000 0.0000000 0.0000000 -1.0000000
-0.9053972 0.5470882 0.2121833 0.0000000 0.0000000 0.0000000 -1.0000000
-0.9053971 0.5470882 0.2121833 0.0000000 0.0000000 0.0000000 -1.0000000
-0.9053971 0.5470883 0.2121833 0.0000000 0.0000000 0.0000000 -1.0000000
-0.9053970 0.5470883 0.2121833 0.0000000 0.0000000 0.0000000 -1.0000000
-0.9053969 0.5470883 0.2121833 0.0000000 0.0000000 0.0000000 -1.0000000
-0.9053968 0.5470883 0.2121833 0.0000000 0.0000000 0.0000000 -1.0000000
-0.9053967 0.5470883 0.2121833 0.0000000 0.0000000 0.0000000 -1.0000000
-0.9053966 0.5470884 0.2121833 0.0000000 0.0000000 0.0000000 -1.0000000
-0.9053966 0.5470884 0.2121833 0.0000000 0.0000000 0.0000000 -1.0000000
-0.9053965 0.5470884 0.2121833 0.0000000 0.0000000 0.0000000 -1.0000000
-0.9053964 0.5470884 0.2121833 0.0000000 0.0000000 0.0000000 -1.0000000
-0.9053963 0.5470884 0.2121833 0.0000000 0.0000000 0.0000000 -1.0000000
-0.9053962 0.5470885 0.2121833 0.0000000 0.0000000 0.0000000 -1.0000000
-0.9053961 0.5470885 0.2121833 0.0000000 0.0000000 0.0000000 -1.0000000
-0.9053961 0.5470885 0.2121833 0.0000000 0.0000000 0.0000000 -1.0000000
-0.9053960 0.5470885 0.2121833 0.0000000 0.0000000 0.0000000 -1.0000000
-0.9053959 0.5470885 0.2121833 0.0000000 0.0000000 0.0000000 -1.0000000
-0.9053958 0.5470886 0.2121833 0.0000000 0.0000000 0.0000000 -1.0000000
-0.9053957 0.5470886 0.2121833 0.0000000 0.0000000 0.0000000 -1.0000000
-0.9053957 0.5470886 0.2121833 0.0000000 0.0000000 0.0000000 -1.0000000
-0.9053956 0.5470886 0.2121833 0.0000000 0.0000000 0.0000000 -1.0000000
-0.9053955 0.5470887 0.2121833 0.0000000 0.0000000 0.0000000 -1.0000000
-0.9053954 0.5470887 0.2121833 0.0000000 0.0000000 0.0000000 -1.0000000
-0.9053953 0.5470887 0.2121833 0.0000000 0.0000000 0.0000000 -1.0000000
-0.9053952 0.5470887 0.2121833 0.0000000 0.0000000 0.0000000 -1.0000000
-0.9053952 0.5470887 0.2121833 0.0000000 0.0000000 0.0000000 -1.0000000
-0.9053951 0.5470888 0.2121833 0.0000000 0.0000000 0.0000000 -1.0000000
-0.9053950 0.5470888 0.2121833 0.0000000 0.0000000 0.0000000 -1.0000000
-0.9053949 0.5470888 0.2121833 0.0000000 0.0000000 0.0000000 -1.0000000
-0.9053948 0.5470888 0.2121833 0.0000000 0.0000000 0.0000000 -1.0000000
-0.9053947 0.5470888 0.2121833 0.0000000 0.0000000 0.0000000 -1.0000000
-0.9053947 0.5470889 0.2121833 0.0000000 0.0000000 0.0000000 -1.0000000
-0.9053946 0.5470889 0.2121833 0.0000000 0.0000000 0.0000000 -1.0000000
-0.9053945 0.5470889 0.2121833 0.0000000 0.0000000 0.0000000 -1.0000000
-0.9053944 0.5470889 0.2121833 0.0000000 0.0000000 0.0000000 -1.0000000
-0.9053943 0.5470889 0.2121833 0.0000000 0.0000000 0.0000000 -1.0000000
-0.9053942 0.5470890 0.2121833 0.0000000 0.0000000 0.0000000 -1.0000000
-0.9053942 0.5470890 0.2121833 0.0000000 0.0000000 0.0000000 -1.0000000
-0.9053941 0.5470890 0.2121833 0.0000000 0.0000000 0.0000000 -1.0000000
-0.9053940 0.5470890 0.2121833 0.0000000 0.0000000 0.0000000 -1.0000000
-0.9053939 0.5470890 0.2121833 0.0000000 0.0000000 0.0000000 -1.0000000
-0.9053938 0.5470891 0.2121833 0.0000000 0.0000000 0.0000000 -1.0000000
-0.9053938 0.5470891 0.2121833 0.0000000 0.0000000 0.0000000 -1.0000000
-0.9053937 0.5470891 0.2121832 0.0000000 0.0000000 0.0000000 -1.0000000
-0.9053936 0.5470891 0.2121832 0.0000000 0.0000000 0.0000000 -1.0000000
-0.9053935 0.5470891 0.2121832 0.0000000 0.0000000 0.0000000 -1.0000000
-0.9053934 0.5470892 0.2121832 0.0000000 0.0000000 0.0000000 -1.0000000
-0.9053933 0.5470892 0.2121832 0.0000000 0.0000000 0.0000000 -1.0000000
-0.9053933 0.5470892 0.2121832 0.0000000 0.0000000 0.0000000 -1.0000000
-0.9053932 0.5470892 0.2121832 0.0000000 0.0000000 0.0000000 -1.0000000
-0.9053931 0.5470892 0.2121832 0.0000000 0.0000000 0.0000000 -1.0000000
-0.9053930 0.5470893 0.2121832 0.0000000 0.0000000 0.0000000 -1.0000000
-0.9053929 0.5470893 0.2121832 0.0000000 0.0000000 0.0000000 -1.0000000
-0.9053928 0.5470893 0.2121832 0.0000000 0.0000000 0.0000000 -1.0000000
-0.9053928 0.5470893 0.2121832 0.0000000 0.0000000 0.0000000 -1.0000000
-0.9053927 0.5470893 0.2121832 0.0000000 0.0000000 0.0000000 -1.0000000
-0.9053926 0.5470894 0.2121832 0.0000000 0.0000000 0.0000000 -1.0000000
-0.9053925 0.5470894 0.2121832 0.0000000 0.0000000 0.0000000 -1.0000000
-0.9053924 0.5470894 0.2121832 0.0000000 0.0000000 0.0000000 -1.0000000
-0.9053923 0.5470894 0.2121832 0.0000000 0.0000000 0.0000000 -1.0000000
-0.9053923 0.5470894 0.2121832 0.0000000 0.0000000 0.0000000 -1.0000000
-0.9053922 0.5470895 0.2121832 0.0000000 0.0000000 0.0000000 -1.0000000
-0.9053921 0.5470895 0.2121832 0.0000000 0.0000000 0.0000000 -1.0000000
-0.9053920 0.5470895 0.2121832 0.0000000 0.0000000 0.0000000 -1.0000000
-0.9053919 0.5470895 0.2121832 0.0000000 0.0000000 0.0000000 -1.0000000
-0.9053919 0.5470895 0.2121832 0.0000000 0.0000000 0.0000000 -1.0000000
-0.9053918 0.5470896 0.2121832 0.0000000 0.0000000 0.0000000 -1.0000000
-0.9053917 0.5470896 0.2121832 0.0000000 0.0000000 0.0000000 -1.0000000
-0.9053916 0.5470896 0.2121832 0.0000000 0.0000000 0.0000000 -1.0000000
-0.9053915 0.5470896 0.2121832 0.0000000 0.0000000 0.0000000 -1.0000000
-0.9053914 0.5470896 0.2121832 0.0000000 0.0000000 0.0000000 -1.0000000
-0.9053914 0.5470897 0.2121832 0.0000000 0.0000000 0.0000000 -1.0000000
-0.9053913 0.5470897 0.2121832 0.0000000 0.0000000 0.0000000 -1.0000000
-0.9053912 0.5470897 0.2121832 0.0000000 0.0000000 0.0000000 -1.0000000
-0.9053911 0.5470897 0.2121832 0.0000000 0.0000000 0.0000000 -1.0000000
-0.9053910 0.5470897 0.2121832 0.0000000 0.0000000 0.0000000 -1.0000000
-0.9053909 0.5470898 0.2121832 0.0000000 0.0000000 0.0000000 -1.0000000
-0.9053909 0.5470898 0.2121832 0.0000000 0.0000000 0.0000000 -1.0000000
-0.9053908 0.5470898 0.2121832 0.0000000 0.0000000 0.0000000 -1.0000000
-0.9053907 0.5470898 0.2121832 0.0000000 0.0000000 0.0000000 -1.0000000
-0.9053906 0.5470898 0.2121832 0.0000000 0.0000000 0.0000000 -1.0000000
-0.9053905 0.5470899 0.2121832 0.0000000 0.0000000 0.0000000 -1.0000000
-0.9053904 0.5470899 0.2121832 0.0000000 0.0000000 0.0000000 -1.0000000
-0.9053904 0.5470899 0.2121832 0.0000000 0.0000000 0.0000000 -1.0000000
-0.9053903 0.5470899 0.2121832 0.0000000 0.0000000 0.0000000 -1.0000000
-0.9053902 0.5470899 0.2121832 0.0000000 0.0000000 0.0000000 -1.0000000
-0.9053901 0.5470900 0.2121832 0.0000000 0.0000000 0.0000000 -1.0000000
-0.9053900 0.5470900 0.2121832 0.0000000 0.0000000 0.0000000 -1.0000000
-0.9053900 0.5470900 0.2121832 0.0000000 0.0000000 0.0000000 -1.0000000
-0.9053899 0.5470900 0.2121832 0.0000000 0.0000000 0.0000000 -1.0000000
-0.9053898 0.5470900 0.2121832 0.0000000 0.0000000 0.0000000 -1.0000000
-0.9053897 0.5470901 0.2121832 0.0000000 0.0000000 0.0000000 -1.0000000
-0.9053896 0.5470901 0.2121832 0.0000000 0.0000000 0.0000000 -1.0000000
-0.9053895 0.5470901 0.2121832 0.0000000 0.0000000 0.0000000 -1.0000000
-0.9053895 0.5470901 0.2121832 0.0000000 0.0000000 0.0000000 -1.0000000
-0.9053894 0.5470902 0.2121832 0.0000000 0.0000000 0.0000000 -1.0000000
-0.9053893 0.5470902 0.2121832 0.0000000 0.0000000 0.0000000 -1.0000000
-0.9053892 0.5470902 0.2121832 0.0000000 0.0000000 0.0000000 -1.0000000
-0.9053891 0.5470902 0.2121832 0.0000000 0.0000000 0.0000000 -1.0000000
-0.9053890 0.5470902 0.2121832 0.0000000 0.0000000 0.0000000 -1.0000000
-0.9053890 0.5470903 0.2121832 0.0000000 0.0000000 0.0000000 -1.0000000
-0.9053889 0.5470903 0.2121832 0.0000000 0.0000000 0.0000000 -1.0000000
-0.9053888 0.5470903 0.2121832 0.0000000 0.0000000 0.0000000 -1.0000000
-0.9053887 0.5470903 0.2121832 0.0000000 0.0000000 0.0000000 -1.0000000
-0.9053886 0.5470903 0.2121832 0.0000000 0.0000000 0.0000000 -1.0000000
-0.9053885 0.5470904 0.2121832 0.0000000 0.0000000 0.0000000 -1.0000000
-0.9053885 0.5470904 0.2121832 0.0000000 0.0000000 0.0000000 -1.0000000
-0.9053884 0.5470904 0.2121832 0.0000000 0.0000000 0.0000000 -1.0000000
-0.9053883 0.5470904 0.2121832 0.0000000 0.0000000 0.0000000 -1.0000000
-0.9053882 0.5470904 0.2121832 0.0000000 0.0000000 0.0000000 -1.0000000
-0.9053881 0.5470905 0.2121832 0.0000000 0.0000000 0.0000000 -1.0000000
-0.9053881 0.5470905 0.2121832 0.0000000 0.0000000 0.0000000 -1.0000000
-0.9053880 0.5470905 0.2121831 0.0000000 0.0000000 0.0000000 -1.0000000
-0.9053879 0.5470905 0.2121831 0.0000000 0.0000000 0.0000000 -1.0000000
-0.9053878 0.5470905 0.2121831 0.0000000 0.0000000 0.0000000 -1.0000000
-0.9053877 0.5470906 0.2121831 0.0000000 0.0000000 0.0000000 -1.0000000
-0.9053876 0.5470906 0.2121831 0.0000000 0.0000000 0.0000000 -1.0000000
-0.9053876 0.5470906 0.2121831 0.0000000 0.0000000 0.0000000 -1.0000000
-0.9053875 0.5470906 0.2121831 0.0000000 0.0000000 0.0000000 -1.0000000
-0.9053874 0.5470906 0.2121831 0.0000000 0.0000000 0.0000000 -1.0000000
-0.9053873 0.5470907 0.2121831 0.0000000 0.0000000 0.0000000 -1.0000000
-0.9053872 0.5470907 0.2121831 0.0000000 0.0000000 0.0000000 -1.0000000
-0.9053871 0.5470907 0.2121831 0.0000000 0.0000000 0.0000000 -1.0000000
-0.9053871 0.5470907 0.2121831 0.0000000 0.0000000 0.0000000 -1.0000000
-0.9053870 0.5470907 0.2121831 0.0000000 0.0000000 0.0000000 -1.0000000
-0.9053869 0.5470908 0.2121831 0.0000000 0.0000000 0.0000000 -1.0000000
-0.9053868 0.5470908 0.2121831 0.0000000 0.0000000 0.0000000 -1.0000000
-0.9053867 0.5470908 0.2121831 0.0000000 0.0000000 0.0000000 -1.0000000
-0.9053866 0.5470908 0.2121831 0.0000000 0.0000000 0.0000000 -1.0000000
-0.9053866 0.5470908 0.2121831 0.0000000 0.0000000 0.0000000 -1.0000000
-0.9053865 0.5470909 0.2121831 0.0000000 0.0000000 0.0000000 -1.0000000
-0.9053864 0.5470909 0.2121831 0.0000000 0.0000000 0.0000000 -1.0000000
-0.9053863 0.5470909 0.2121831 0.0000000 0.0000000 0.0000000 -1.0000000
-0.9053862 0.5470909 0.2121831 0.0000000 0.0000000 0.0000000 -1.0000000
-0.9053862 0.5470909 0.2121831 0.0000000 0.0000000 0.0000000 -1.0000000
-0.9053861 0.5470910 0.2121831 0.0000000 0.0000000 0.0000000 -1.0000000
-0.9053860 0.5470910 0.2121831 0.0000000 0.0000000 0.0000000 -1.0000000
-0.9053859 0.5470910 0.2121831 0.0000000 0.0000000 0.0000000 -1.0000000
-0.9053858 0.5470910 0.2121831 0.0000000 0.0000000 0.0000000 -1.0000000
-0.9053857 0.5470910 0.2121831 0.0000000 0.0000000 0.0000000 -1.0000000
-0.9053857 0.5470911 0.2121831 0.0000000 0.0000000 0.0000000 -1.0000000
-0.9053856 0.5470911 0.2121831 0.0000000 0.0000000 0.0000000 -1.0000000
-0.9053855 0.5470911 0.2121831 0.0000000 0.0000000 0.0000000 -1.0000000
-0.9053854 0.5470911 0.2121831 0.0000000 0.0000000 0.0000000 -1.0000000
-0.9053853 0.5470911 0.2121831 0.0000000 0.0000000 0.0000000 -1.0000000
-0.9053852 0.5470912 0.2121831 0.0000000 0.0000000 0.0000000 -1.0000000
-0.9053852 0.5470912 0.2121831 0.0000000 0.0000000 0.0000000 -1.0000000
-0.9053851 0.5470912 0.2121831 0.0000000 0.0000000 0.0000000 -1.0000000
-0.9053850 0.5470912 0.2121831 0.0000000 0.0000000 0.0000000 -1.0000000
-0.9053849 0.5470912 0.2121831 0.0000000 0.0000000 0.0000000 -1.0000000
-0.9053848 0.5470913 0.2121831 0.0000000 0.0000000 0.0000000 -1.0000000
-0.9053847 0.5470913 0.2121831 0.0000000 0.0000000 0.0000000 -1.0000000
-0.9053847 0.5470913 0.2121831 0.0000000 0.0000000 0.0000000 -1.0000000
-0.9053846 0.5470913 0.2121831 0.0000000 0.0000000 0.0000000 -1.0000000
-0.9053845 0.5470913 0.2121831 0.0000000 0.0000000 0.0000000 -1.0000000
-0.9053844 0.5470914 0.2121831 0.0000000 0.0000000 0.0000000 -1.0000000
-0.9053843 0.5470914 0.2121831 0.0000000 0.0000000 0.0000000 -1.0000000
-0.9053843 0.5470914 0.2121831 0.0000000 0.0000000 0.0000000 -1.0000000
-0.9053842 0.5470914 0.2121831 0.0000000 0.0000000 0.0000000 -1.0000000
-0.9053841 0.5470914 0.2121831 0.0000000 0.0000000 0.0000000 -1.0000000
-0.9053840 0.5470915 0.2121831 0.0000000 0.0000000 0.0000000 -1.0000000
-0.9053839 0.5470915 0.2121831 0.0000000 0.0000000 0.0000000 -1.0000000
-0.9053838 0.5470915 0.2121831 0.0000000 0.0000000 0.0000000 -1.0000000
-0.9053838 0.5470915 0.2121831 0.0000000 0.0000000 0.0000000 -1.0000000
-0.9053837 0.5470915 0.2121831 0.0000000 0.0000000 0.0000000 -1.0000000
-0.9053836 0.5470916 0.2121831 0.0000000 0.0000000 0.0000000 -1.0000000
-0.9053835 0.5470916 0.2121831 0.0000000 0.0000000 0.0000000 -1.0000000
-0.9053834 0.5470916 0.2121831 0.0000000 0.0000000 0.0000000 -1.0000000
-0.9053833 0.5470916 0.2121831 0.0000000 0.0000000 0.0000000 -1.0000000
-0.9053833 0.5470917 0.2121831 0.0000000 0.0000000 0.0000000 -1.0000000
-0.9053832 0.5470917 0.2121831 0.0000000 0.0000000 0.0000000 -1.0000000
-0.9053831 0.5470917 0.2121831 0.0000000 0.0000000 0.0000000 -1.0000000
-0.9053830 0.5470917 0.2121831 0.0000000 0.0000000 0.0000000 -1.0000000
-0.9053829 0.5470917 0.2121831 0.0000000 0.0000000 0.0000000 -1.0000000
-0.9053828 0.5470918 0.2121831 0.0000000 0.0000000 0.0000000 -1.0000000
-0.9053828 0.5470918 0.2121831 0.0000000 0.0000000 0.0000000 -1.0000000
-0.9053827 0.5470918 0.2121831 0.0000000 0.0000000 0.0000000 -1.0000000
-0.9053826 0.5470918 0.2121831 0.0000000 0.0000000 0.0000000 -1.0000000
-0.9053825 0.5470918 0.2121831 0.0000000 0.0000000 0.0000000 -1.0000000
-0.9053824 0.5470919 0.2121831 0.0000000 0.0000000 0.0000000 -1.0000000
-0.9053824 0.5470919 0.2121831 0.0000000 0.0000000 0.0000000 -1.0000000
-0.9053823 0.5470919 0.2121831 0.0000000 0.0000000 0.0000000 -1.0000000
-0.9053822 0.5470919 0.2121830 0.0000000 0.0000000 0.0000000 -1.0000000
-0.9053821 0.5470919 0.2121830 0.0000000 0.0000000 0.0000000 -1.0000000
-0.9053820 0.5470920 0.2121830 0.0000000 0.0000000 0.0000000 -1.0000000
-0.9053819 0.5470920 0.2121830 0.0000000 0.0000000 0.0000000 -1.0000000
-0.9053819 0.5470920 0.2121830 0.0000000 0.0000000 0.0000000 -1.0000000
-0.9053818 0.5470920 0.2121830 0.0000000 0.0000000 0.0000000 -1.0000000
-0.9053817 0.5470920 0.2121830 0.0000000 0.0000000 0.0000000 -1.0000000
-0.9053816 0.5470921 0.2121830 0.0000000 0.0000000 0.0000000 -1.0000000
-0.9053815 0.5470921 0.2121830 0.0000000 0.0000000 0.0000000 -1.0000000
-0.9053814 0.5470921 0.2121830 0.0000000 0.0000000 0.0000000 -1.0000000
-0.9053814 0.5470921 0.2121830 0.0000000 0.0000000 0.0000000 -1.0000000
-0.9053813 0.5470921 0.2121830 0.0000000 0.0000000 0.0000000 -1.0000000
-0.9053812 0.5470922 0.2121830 0.0000000 0.0000000 0.0000000 -1.0000000
-0.9053811 0.5470922 0.2121830 0.0000000 0.0000000 0.0000000 -1.0000000
-0.9053810 0.5470922 0.2121830 0.0000000 0.0000000 0.0000000 -1.0000000
-0.9053809 0.5470922 0.2121830 0.0000000 0.0000000 0.0000000 -1.0000000
-0.9053809 0.5470922 0.2121830 0.0000000 0.0000000 0.0000000 -1.0000000
-0.9053808 0.5470923 0.2121830 0.0000000 0.0000000 0.0000000 -1.0000000
-0.9053807 0.5470923 0.2121830 0.0000000 0.0000000 0.0000000 -1.0000000
-0.9053806 0.5470923 0.2121830 0.0000000 0.0000000 0.0000000 -1.0000000
-0.9053805 0.5470923 0.2121830 0.0000000 0.0000000 0.0000000 -1.0000000
-0.9053805 0.5470923 0.2121830 0.0000000 0.0000000 0.0000000 -1.0000000
-0.9053804 0.5470924 0.2121830 0.0000000 0.0000000 0.0000000 -1.0000000
-0.9053803 0.5470924 0.2121830 0.0000000 0.0000000 0.0000000 -1.0000000
-0.9053802 0.5470924 0.2121830 0.0000000 0.0000000 0.0000000 -1.0000000
-0.9053801 0.5470924 0.2121830 0.0000000 0.0000000 0.0000000 -1.0000000
-0.9053800 0.5470924 0.2121830 0.0000000 0.0000000 0.0000000 -1.0000000
-0.9053800 0.5470925 0.2121830 0.0000000 0.0000000 0.0000000 -1.0000000
-0.9053799 0.5470925 0.2121830 0.0000000 0.0000000 0.0000000 -1.0000000
-0.9053798 0.5470925 0.2121830 0.0000000 0.0000000 0.0000000 -1.0000000
-0.9053797 0.5470925 0.2121830 0.0000000 0.0000000 0.0000000 -1.0000000
-0.9053796 0.5470925 0.2121830 0.0000000 0.0000000 0.0000000 -1.0000000
-0.9053795 0.5470926 0.2121830 0.0000000 0.0000000 0.0000000 -1.0000000
-0.9053795 0.5470926 0.2121830 0.0000000 0.0000000 0.0000000 -1.0000000
-0.9053794 0.5470926 0.2121830 0.0000000 0.0000000 0.0000000 -1.0000000
-0.9053793 0.5470926 0.2121830 0.0000000 0.0000000 0.0000000 -1.0000000
-0.9053792 0.5470926 0.2121830 0.0000000 0.0000000 0.0000000 -1.0000000
-0.9053791 0.5470927 0.2121830 0.0000000 0.0000000 0.0000000 -1.0000000
-0.9053790 0.5470927 0.2121830 0.0000000 0.0000000 0.0000000 -1.0000000
-0.9053790 0.5470927 0.2121830 0.0000000 0.0000000 0.0000000 -1.0000000
-0.9053789 0.5470927 0.2121830 0.0000000 0.0000000 0.0000000 -1.0000000
-0.9053788 0.5470927 0.2121830 0.0000000 0.0000000 0.0000000 -1.0000000
-0.9053787 0.5470928 0.2121830 0.0000000 0.0000000 0.0000000 -1.0000000
-0.9053786 0.5470928 0.2121830 0.0000000 0.0000000 0.0000000 -1.0000000
-0.9053786 0.5470928 0.2121830 0.0000000 0.0000000 0.0000000 -1.0000000
-0.9053785 0.5470928 0.2121830 0.0000000 0.0000000 0.0000000 -1.0000000
-0.9053784 0.5470928 0.2121830 0.0000000 0.0000000 0.0000000 -1.0000000
-0.9053783 0.5470929 0.2121830 0.0000000 0.0000000 0.0000000 -1.0000000
-0.9053782 0.5470929 0.2121830 0.0000000 0.0000000 0.0000000 -1.0000000
-0.9053781 0.5470929 0.2121830 0.0000000 0.0000000 0.0000000 -1.0000000
-0.9053781 0.5470929 0.2121830 0.0000000 0.0000000 0.0000000 -1.0000000
-0.9053780 0.5470929 0.2121830 0.0000000 0.0000000 0.0000000 -1.0000000
-0.9053779 0.5470930 0.2121830 0.0000000 0.0000000 0.0000000 -1.0000000
-0.9053778 0.5470930 0.2121830 0.0000000 0.0000000 0.0000000 -1.0000000
-0.9053777 0.5470930 0.2121830 0.0000000 0.0000000 0.0000000 -1.0000000
-0.9053776 0.5470930 0.2121830 0.0000000 0.0000000 0.0000000 -1.0000000
-0.9053776 0.5470930 0.2121830 0.0000000 0.0000000 0.0000000 -1.0000000
-0.9053775 0.5470931 0.2121830 0.0000000 0.0000000 0.0000000 -1.0000000
-0.9053774 0.5470931 0.2121830 0.0000000 0.0000000 0.0000000 -1.0000000
-0.9053773 0.5470931 0.2121830 0.0000000 0.0000000 0.0000000 -1.0000000
-0.9053772 0.5470931 0.2121830 0.0000000 0.0000000 0.0000000 -1.0000000
-0.9053771 0.5470932 0.2121830 0.0000000 0.0000000 0.0000000 -1.0000000
-0.9053771 0.5470932 0.2121830 0.0000000 0.0000000 0.0000000 -1.0000000
-0.9053770 0.5470932 0.2121830 0.0000000 0.0000000 0.0000000 -1.0000000
-0.9053769 0.5470932 0.2121830 0.0000000 0.0000000 0.0000000 -1.0000000
-0.9053768 0.5470932 0.2121830 0.0000000 0.0000000 0.0000000 -1.0000000
-0.9053767 0.5470933 0.2121830 0.0000000 0.0000000 0.0000000 -1.0000000
-0.9053767 0.5470933 0.2121830 0.0000000 0.0000000 0.0000000 -1.0000000
-0.9053766 0.5470933 0.2121830 0.0000000 0.0000000 0.0000000 -1.0000000
-0.9053765 0.5470933 0.2121830 0.0000000 0.0000000 0.0000000 -1.0000000
-0.9053764 0.5470933 0.2121829 0.0000000 0.0000000 0.0000000 -1.0000000
-0.9053763 0.5470934 0.2121829 0.0000000 0.0000000 0.0000000 -1.0000000
-0.9053762 0.5470934 0.2121829 0.0000000 0.0000000 0.0000000 -1.0000000
-0.9053762 0.5470934 0.2121829 0.0000000 0.0000000 0.0000000 -1.0000000
-0.9053761 0.5470934 0.2121829 0.0000000 0.0000000 0.0000000 -1.0000000
-0.9053760 0.5470934 0.2121829 0.0000000 0.0000000 0.0000000 -1.0000000
-0.9053759 0.5470935 0.2121829 0.0000000 0.0000000 0.0000000 -1.0000000
-0.9053758 0.5470935 0.2121829 0.0000000 0.0000000 0.0000000 -1.0000000
-0.9053757 0.5470935 0.2121829 0.0000000 0.0000000 0.0000000 -1.0000000
-0.9053757 0.5470935 0.2121829 0.0000000 0.0000000 0.0000000 -1.0000000
-0.9053756 0.5470935 0.2121829 0.0000000 0.0000000 0.0000000 -1.0000000
-0.9053755 0.5470936 0.2121829 0.0000000 0.0000000 0.0000000 -1.0000000
-0.9053754 0.5470936 0.2121829 0.0000000 0.0000000 0.0000000 -1.0000000
-0.9053753 0.5470936 0.2121829 0.0000000 0.0000000 0.0000000 -1.0000000
-0.9053752 0.5470936 0.2121829 0.0000000 0.0000000 0.0000000 -1.0000000
-0.9053752 0.5470936 0.2121829 0.0000000 0.0000000 0.0000000 -1.0000000
-0.9053751 0.5470937 0.2121829 0.0000000 0.0000000 0.0000000 -1.0000000
-0.9053750 0.5470937 0.2121829 0.0000000 0.0000000 0.0000000 -1.0000000
-0.9053749 0.5470937 0.2121829 0.0000000 0.0000000 0.0000000 -1.0000000
-0.9053748 0.5470937 0.2121829 0.0000000 0.0000000 0.0000000 -1.0000000
-0.9053748 0.5470937 0.2121829 0.0000000 0.0000000 0.0000000 -1.0000000
-0.9053747 0.5470938 0.2121829 0.0000000 0.0000000 0.0000000 -1.0000000
-0.9053746 0.5470938 0.2121829 0.0000000 0.0000000 0.0000000 -1.0000000
-0.9053745 0.5470938 0.2121829 0.0000000 0.0000000 0.0000000 -1.0000000
-0.9053744 0.5470938 0.2121829 0.0000000 0.0000000 0.0000000 -1.0000000
-0.9053743 0.5470938 0.2121829 0.0000000 0.0000000 0.0000000 -1.0000000
-0.9053743 0.5470939 0.2121829 0.0000000 0.0000000 0.0000000 -1.0000000
-0.9053742 0.5470939 0.2121829 0.0000000 0.0000000 0.0000000 -1.0000000
-0.9053741 0.5470939 0.2121829 0.0000000 0.0000000 0.0000000 -1.0000000
-0.9053740 0.5470939 0.2121829 0.0000000 0.0000000 0.0000000 -1.0000000
-0.9053739 0.5470939 0.2121829 0.0000000 0.0000000 0.0000000 -1.0000000
-0.9053738 0.5470940 0.2121829 0.0000000 0.0000000 0.0000000 -1.0000000
-0.9053738 0.5470940 0.2121829 0.0000000 0.0000000 0.0000000 -1.0000000
-0.9053737 0.5470940 0.2121829 0.0000000 0.0000000 0.0000000 -1.0000000
-0.9053736 0.5470940 0.2121829 0.0000000 0.0000000 0.0000000 -1.0000000
-0.9053735 0.5470940 0.2121829 0.0000000 0.0000000 0.0000000 -1.0000000
-0.9053734 0.5470941 0.2121829 0.0000000 0.0000000 0.0000000 -1.0000000
-0.9053733 0.5470941 0.2121829 0.0000000 0.0000000 0.0000000 -1.0000000
-0.9053733 0.5470941 0.2121829 0.0000000 0.0000000 0.0000000 -1.0000000
-0.9053732 0.5470941 0.2121829 0.0000000 0.0000000 0.0000000 -1.0000000
-0.9053731 0.5470941 0.2121829 0.0000000 0.0000000 0.0000000 -1.0000000
-0.9053730 0.5470942 0.2121829 0.0000000 0.0000000 0.0000000 -1.0000000
-0.9053729 0.5470942 0.2121829 0.0000000 0.0000000 0.0000000 -1.0000000
-0.9053729 0.5470942 0.2121829 0.0000000 0.0000000 0.0000000 -1.0000000
-0.9053728 0.5470942 0.2121829 0.0000000 0.0000000 0.0000000 -1.0000000
-0.9053727 0.5470942 0.2121829 0.0000000 0.0000000 0.0000000 -1.0000000
-0.9053726 0.5470943 0.2121829 0.0000000 0.0000000 0.0000000 -1.0000000
-0.9053725 0.5470943 0.2121829 0.0000000 0.0000000 0.0000000 -1.0000000
-0.9053724 0.5470943 0.2121829 0.0000000 0.0000000 0.0000000 -1.0000000
-0.9053724 0.5470943 0.2121829 0.0000000 0.0000000 0.0000000 -1.0000000
-0.9053723 0.5470943 0.2121829 0.0000000 0.0000000 0.0000000 -1.0000000
-0.9053722 0.5470944 0.2121829 0.0000000 0.0000000 0.0000000 -1.0000000
-0.9053721 0.5470944 0.2121829 0.0000000 0.0000000 0.0000000 -1.0000000
-0.9053720 0.5470944 0.2121829 0.0000000 0.0000000 0.0000000 -1.0000000
-0.9053719 0.5470944 0.2121829 0.0000000 0.0000000 0.0000000 -1.0000000
-0.9053719 0.5470944 0.2121829 0.0000000 0.0000000 0.0000000 -1.0000000
-0.9053718 0.5470945 0.2121829 0.0000000 0.0000000 0.0000000 -1.0000000
-0.9053717 0.5470945 0.2121829 0.0000000 0.0000000 0.0000000 -1.0000000
-0.9053716 0.5470945 0.2121829 0.0000000 0.0000000 0.0000000 -1.0000000
-0.9053715 0.5470945 0.2121829 0.0000000 0.0000000 0.0000000 -1.0000000
-0.9053714 0.5470945 0.2121829 0.0000000 0.0000000 0.0000000 -1.0000000
-0.9053714 0.5470946 0.2121829 0.0000000 0.0000000 0.0000000 -1.0000000
-0.9053713 0.5470946 0.2121829 0.0000000 0.0000000 0.0000000 -1.0000000
-0.9053712 0.5470946 0.2121829 0.0000000 0.0000000 0.0000000 -1.0000000
-0.9053711 0.5470946 0.2121829 0.0000000 0.0000000 0.0000000 -1.0000000
-0.9053710 0.5470947 0.2121829 0.0000000 0.0000000 0.0000000 -1.0000000
-0.9053710 0.5470947 0.2121829 0.0000000 0.0000000 0.0000000 -1.0000000
-0.9053709 0.5470947 0.2121829 0.0000000 0.0000000 0.0000000 -1.0000000
-0.9053708 0.5470947 0.2121829 0.0000000 0.0000000 0.0000000 -1.0000000
-0.9053707 0.5470947 0.2121828 0.0000000 0.0000000 0.0000000 -1.0000000
-0.9053706 0.5470948 0.2121828 0.0000000 0.0000000 0.0000000 -1.0000000
-0.9053705 0.5470948 0.2121828 0.0000000 0.0000000 0.0000000 -1.0000000
-0.9053705 0.5470948 0.2121828 0.0000000 0.0000000 0.0000000 -1.0000000
-0.9053704 0.5470948 0.2121828 0.0000000 0.0000000 0.0000000 -1.0000000
-0.9053703 0.5470948 0.2121828 0.0000000 0.0000000 0.0000000 -1.0000000
-0.9053702 0.5470949 0.2121828 0.0000000 0.0000000 0.0000000 -1.0000000
-0.9053701 0.5470949 0.2121828 0.0000000 0.0000000 0.0000000 -1.0000000
-0.9053700 0.5470949 0.2121828 0.0000000 0.0000000 0.0000000 -1.0000000
-0.9053700 0.5470949 0.2121828 0.0000000 0.0000000 0.0000000 -1.0000000
-0.9053699 0.5470949 0.2121828 0.0000000 0.0000000 0.0000000 -1.0000000
-0.9053698 0.5470950 0.2121828 0.0000000 0.0000000 0.0000000 -1.0000000
-0.9053697 0.5470950 0.2121828 0.0000000 0.0000000 0.0000000 -1.0000000
-0.9053696 0.5470950 0.2121828 0.0000000 0.0000000 0.0000000 -1.0000000
-0.9053695 0.5470950 0.2121828 0.0000000 0.0000000 0.0000000 -1.0000000
-0.9053695 0.5470950 0.2121828 0.0000000 0.0000000 0.0000000 -1.0000000
-0.9053694 0.5470951 0.2121828 0.0000000 0.0000000 0.0000000 -1.0000000
-0.9053693 0.5470951 0.2121828 0.0000000 0.0000000 0.0000000 -1.0000000
-0.9053692 0.5470951 0.2121828 0.0000000 0.0000000 0.0000000 -1.0000000
-0.9053691 0.5470951 0.2121828 0.0000000 0.0000000 0.0000000 -1.0000000
-0.9053691 0.5470951 0.2121828 0.0000000 0.0000000 0.0000000 -1.0000000
-0.9053690 0.5470952 0.2121828 0.0000000 0.0000000 0.0000000 -1.0000000
-0.9053689 0.5470952 0.2121828 0.0000000 0.0000000 0.0000000 -1.0000000
-0.9053688 0.5470952 0.2121828 0.0000000 0.0000000 0.0000000 -1.0000000
-0.9053687 0.5470952 0.2121828 0.0000000 0.0000000 0.0000000 -1.0000000
-0.9053686 0.5470952 0.2121828 0.0000000 0.0000000 0.0000000 -1.0000000
-0.9053686 0.5470953 0.2121828 0.0000000 0.0000000 0.0000000 -1.0000000
-0.9053685 0.5470953 0.2121828 0.0000000 0.0000000 0.0000000 -1.0000000
-0.9053684 0.5470953 0.2121828 0.0000000 0.0000000 0.0000000 -1.0000000
-0.9053683 0.5470953 0.2121828 0.0000000 0.0000000 0.0000000 -1.0000000
-0.9053682 0.5470953 0.2121828 0.0000000 0.0000000 0.0000000 -1.0000000
-0.9053681 0.5470954 0.2121828 0.0000000 0.0000000 0.0000000 -1.0000000
-0.9053681 0.5470954 0.2121828 0.0000000 0.0000000 0.0000000 -1.0000000
-0.9053680 0.5470954 0.2121828 0.0000000 0.0000000 0.0000000 -1.0000000
-0.9053679 0.5470954 0.2121828 0.0000000 0.0000000 0.0000000 -1.0000000
-0.9053678 0.5470954 0.2121828 0.0000000 0.0000000 0.0000000 -1.0000000
-0.9053677 0.5470955 0.2121828 0.0000000 0.0000000 0.0000000 -1.0000000
-0.9053676 0.5470955 0.2121828 0.0000000 0.0000000 0.0000000 -1.0000000
-0.9053676 0.5470955 0.2121828 0.0000000 0.0000000 0.0000000 -1.0000000
-0.9053675 0.5470955 0.2121828 0.0000000 0.0000000 0.0000000 -1.0000000
-0.9053674 0.5470955 0.2121828 0.0000000 0.0000000 0.0000000 -1.0000000
-0.9053673 0.5470956 0.2121828 0.0000000 0.0000000 0.0000000 -1.0000000
-0.9053672 0.5470956 0.2121828 0.0000000 0.0000000 0.0000000 -1.0000000
-0.9053672 0.5470956 0.2121828 0.0000000 0.0000000 0.0000000 -1.0000000
-0.9053671 0.5470956 0.2121828 0.0000000 0.0000000 0.0000000 -1.0000000
-0.9053670 0.5470956 0.2121828 0.0000000 0.0000000 0.0000000 -1.0000000
-0.9053669 0.5470957 0.2121828 0.0000000 0.0000000 0.0000000 -1.0000000
-0.9053668 0.5470957 0.2121828 0.0000000 0.0000000 0.0000000 -1.0000000
-0.9053667 0.5470957 0.2121828 0.0000000 0.0000000 0.0000000 -1.0000000
-0.9053667 0.5470957 0.2121828 0.0000000 0.0000000 0.0000000 -1.0000000
-0.9053666 0.5470957 0.2121828 0.0000000 0.0000000 0.0000000 -1.0000000
-0.9053665 0.5470958 0.2121828 0.0000000 0.0000000 0.0000000 -1.0000000
-0.9053664 0.5470958 0.2121828 0.0000000 0.0000000 0.0000000 -1.0000000
-0.9053663 0.5470958 0.2121828 0.0000000 0.0000000 0.0000000 -1.0000000
-0.9053662 0.5470958 0.2121828 0.0000000 0.0000000 0.0000000 -1.0000000
-0.9053662 0.5470958 0.2121828 0.0000000 0.0000000 0.0000000 -1.0000000
-0.9053661 0.5470959 0.2121828 0.0000000 0.0000000 0.0000000 -1.0000000
-0.9053660 0.5470959 0.2121828 0.0000000 0.0000000 0.0000000 -1.0000000
-0.9053659 0.5470959 0.2121828 0.0000000 0.0000000 0.0000000 -1.0000000
-0.9053658 0.5470959 0.2121828 0.0000000 0.0000000 0.0000000 -1.0000000
-0.9053657 0.5470959 0.2121828 0.0000000 0.0000000 0.0000000 -1.0000000
-0.9053657 0.5470960 0.2121828 0.0000000 0.0000000 0.0000000 -1.0000000
-0.9053656 0.5470960 0.2121828 0.0000000 0.0000000 0.0000000 -1.0000000
-0.9053655 0.5470960 0.2121828 0.0000000 0.0000000 0.0000000 -1.0000000
-0.9053654 0.5470960 0.2121828 0.0000000 0.0000000 0.0000000 -1.0000000
-0.9053653 0.5470960 0.2121828 0.0000000 0.0000000 0.0000000 -1.0000000
-0.9053653 0.5470961 0.2121828 0.0000000 0.0000000 0.0000000 -1.0000000
-0.9053652 0.5470961 0.2121828 0.0000000 0.0000000 0.0000000 -1.0000000
-0.9053651 0.5470961 0.2121828 0.0000000 0.0000000 0.0000000 -1.0000000
-0.9053650 0.5470961 0.2121828 0.0000000 0.0000000 0.0000000 -1.0000000
-0.9053649 0.5470962 0.2121827 0.0000000 0.0000000 0.0000000 -1.0000000
-0.9053648 0.5470962 0.2121827 0.0000000 0.0000000 0.0000000 -1.0000000
-0.9053648 0.5470962 0.2121827 0.0000000 0.0000000 0.0000000 -1.0000000
-0.9053647 0.5470962 0.2121827 0.0000000 0.0000000 0.0000000 -1.0000000
-0.9053646 0.5470962 0.2121827 0.0000000 0.0000000 0.0000000 -1.0000000
-0.9053645 0.5470963 0.2121827 0.0000000 0.0000000 0.0000000 -1.0000000
-0.9053644 0.5470963 0.2121827 0.0000000 0.0000000 0.0000000 -1.0000000
-0.9053643 0.5470963 0.2121827 0.0000000 0.0000000 0.0000000 -1.0000000
-0.9053643 0.5470963 0.2121827 0.0000000 0.0000000 0.0000000 -1.0000000
-0.9053642 0.5470963 0.2121827 0.0000000 0.0000000 0.0000000 -1.0000000
-0.9053641 0.5470964 0.2121827 0.0000000 0.0000000 0.0000000 -1.0000000
-0.9053640 0.5470964 0.2121827 0.0000000 0.0000000 0.0000000 -1.0000000
-0.9053639 0.5470964 0.2121827 0.0000000 0.0000000 0.0000000 -1.0000000
-0.9053638 0.5470964 0.2121827 0.0000000 0.0000000 0.0000000 -1.0000000
-0.9053638 0.5470964 0.2121827 0.0000000 0.0000000 0.0000000 -1.0000000
-0.9053637 0.5470965 0.2121827 0.0000000 0.0000000 0.0000000 -1.0000000
-0.9053636 0.5470965 0.2121827 0.0000000 0.0000000 0.0000000 -1.0000000
-0.9053635 0.5470965 0.2121827 0.0000000 0.0000000 0.0000000 -1.0000000
-0.9053634 0.5470965 0.2121827 0.0000000 0.0000000 0.0000000 -1.0000000
-0.9053634 0.5470965 0.2121827 0.0000000 0.0000000 0.0000000 -1.0000000
-0.9053633 0.5470966 0.2121827 0.0000000 0.0000000 0.0000000 -1.0000000
-0.9053632 0.5470966 0.2121827 0.0000000 0.0000000 0.0000000 -1.0000000
-0.9053631 0.5470966 0.2121827 0.0000000 0.0000000 0.0000000 -1.0000000
-0.9053630 0.5470966 0.2121827 0.0000000 0.0000000 0.0000000 -1.0000000
-0.9053629 0.5470966 0.2121827 0.0000000 0.0000000 0.0000000 -1.0000000
-0.9053629 0.5470967 0.2121827 0.0000000 0.0000000 0.0000000 -1.0000000
-0.9053628 0.5470967 0.2121827 0.0000000 0.0000000 0.0000000 -1.0000000
-0.9053627 0.5470967 0.2121827 0.0000000 0.0000000 0.0000000 -1.0000000
-0.9053626 0.5470967 0.2121827 0.0000000 0.0000000 0.0000000 -1.0000000
-0.9053625 0.5470967 0.2121827 0.0000000 0.0000000 0.0000000 -1.0000000
-0.9053624 0.5470968 0.2121827 0.0000000 0.0000000 0.0000000 -1.0000000
-0.9053624 0.5470968 0.2121827 0.0000000 0.0000000 0.0000000 -1.0000000
-0.9053623 0.5470968 0.2121827 0.0000000 0.0000000 0.0000000 -1.0000000
-0.9053622 0.5470968 0.2121827 0.0000000 0.0000000 0.0000000 -1.0000000
-0.9053621 0.5470968 0.2121827 0.0000000 0.0000000 0.0000000 -1.0000000
-0.9053620 0.5470969 0.2121827 0.0000000 0.0000000 0.0000000 -1.0000000
-0.9053619 0.5470969 0.2121827 0.0000000 0.0000000 0.0000000 -1.0000000
-0.9053619 0.5470969 0.2121827 0.0000000 0.0000000 0.0000000 -1.0000000
-0.9053618 0.5470969 0.2121827 0.0000000 0.0000000 0.0000000 -1.0000000
-0.9053617 0.5470969 0.2121827 0.0000000 0.0000000 0.0000000 -1.0000000
-0.9053616 0.5470970 0.2121827 0.0000000 0.0000000 0.0000000 -1.0000000
-0.9053615 0.5470970 0.2121827 0.0000000 0.0000000 0.0000000 -1.0000000
-0.9053615 0.5470970 0.2121827 0.0000000 0.0000000 0.0000000 -1.0000000
-0.9053614 0.5470970 0.2121827 0.0000000 0.0000000 0.0000000 -1.0000000
-0.9053613 0.5470970 0.2121827 0.0000000 0.0000000 0.0000000 -1.0000000
-0.9053612 0.5470971 0.2121827 0.0000000 0.0000000 0.0000000 -1.0000000
-0.9053611 0.5470971 0.2121827 0.0000000 0.0000000 0.0000000 -1.0000000
-0.9053610 0.5470971 0.2121827 0.0000000 0.0000000 0.0000000 -1.0000000
-0.9053610 0.5470971 0.2121827 0.0000000 0.0000000 0.0000000 -1.0000000
-0.9053609 0.5470971 0.2121827 0.0000000 0.0000000 0.0000000 -1.0000000
-0.9053608 0.5470972 0.2121827 0.0000000 0.0000000 0.0000000 -1.0000000
-0.9053607 0.5470972 0.2121827 0.0000000 0.0000000 0.0000000 -1.0000000
-0.9053606 0.5470972 0.2121827 0.0000000 0.0000000 0.0000000 -1.0000000
-0.9053605 0.5470972 0.2121827 0.0000000 0.0000000 0.0000000 -1.0000000
-0.9053605 0.5470972 0.2121827 0.0000000 0.0000000 0.0000000 -1.0000000
-0.9053604 0.5470973 0.2121827 0.0000000 0.0000000 0.0000000 -1.0000000
-0.9053603 0.5470973 0.2121827 0.0000000 0.0000000 0.0000000 -1.0000000
-0.9053602 0.5470973 0.2121827 0.0000000 0.0000000 0.0000000 -1.0000000
-0.9053601 0.5470973 0.2121827 0.0000000 0.0000000 0.0000000 -1.0000000
-0.9053600 0.5470973 0.2121827 0.0000000 0.0000000 0.0000000 -1.0000000
-0.9053600 0.5470974 0.2121827 0.0000000 0.0000000 0.0000000 -1.0000000
-0.9053599 0.5470974 0.2121827 0.0000000 0.0000000 0.0000000 -1.0000000
-0.9053598 0.5470974 0.2121827 0.0000000 0.0000000 0.0000000 -1.0000000
-0.9053597 0.5470974 0.2121827 0.0000000 0.0000000 0.0000000 -1.0000000
-0.9053596 0.5470974 0.2121827 0.0000000 0.0000000 0.0000000 -1.0000000
-0.9053596 0.5470975 0.2121827 0.0000000 0.0000000 0.0000000 -1.0000000
-0.9053595 0.5470975 0.2121827 0.0000000 0.0000000 0.0000000 -1.0000000
-0.9053594 0.5470975 0.2121827 0.0000000 0.0000000 0.0000000 -1.0000000
-0.9053593 0.5470975 0.2121827 0.0000000 0.0000000 0.0000000 -1.0000000
-0.9053592 0.5470975 0.2121826 0.0000000 0.0000000 0.0000000 -1.0000000
-0.9053591 0.5470976 0.2121826 0.0000000 0.0000000 0.0000000 -1.0000000
-0.9053591 0.5470976 0.2121826 0.0000000 0.0000000 0.0000000 -1.0000000
-0.9053590 0.5470976 0.2121826 0.0000000 0.0000000 0.0000000 -1.0000000
-0.9053589 0.5470976 0.2121826 0.0000000 0.0000000 0.0000000 -1.0000000
-0.9053588 0.5470977 0.2121826 0.0000000 0.0000000 0.0000000 -1.0000000
-0.9053587 0.5470977 0.2121826 0.0000000 0.0000000 0.0000000 -1.0000000
-0.9053586 0.5470977 0.2121826 0.0000000 0.0000000 0.0000000 -1.0000000
-0.9053586 0.5470977 0.2121826 0.0000000 0.0000000 0.0000000 -1.0000000
-0.9053585 0.5470977 0.2121826 0.0000000 0.0000000 0.0000000 -1.0000000
-0.9053584 0.5470978 0.2121826 0.0000000 0.0000000 0.0000000 -1.0000000
-0.9053583 0.5470978 0.2121826 0.0000000 0.0000000 0.0000000 -1.0000000
-0.9053582 0.5470978 0.2121826 0.0000000 0.0000000 0.0000000 -1.0000000
-0.9053581 0.5470978 0.2121826 0.0000000 0.0000000 0.0000000 -1.0000000
-0.9053581 0.5470978 0.2121826 0.0000000 0.0000000 0.0000000 -1.0000000
-0.9053580 0.5470979 0.2121826 0.0000000 0.0000000 0.0000000 -1.0000000
-0.9053579 0.5470979 0.2121826 0.0000000 0.0000000 0.0000000 -1.0000000
-0.9053578 0.5470979 0.2121826 0.0000000 0.0000000 0.0000000 -1.0000000
-0.9053577 0.5470979 0.2121826 0.0000000 0.0000000 0.0000000 -1.0000000
-0.9053577 0.5470979 0.2121826 0.0000000 0.0000000 0.0000000 -1.0000000
-0.9053576 0.5470980 0.2121826 0.0000000 0.0000000 0.0000000 -1.0000000
-0.9053575 0.5470980 0.2121826 0.0000000 0.0000000 0.0000000 -1.0000000
-0.9053574 0.5470980 0.2121826 0.0000000 0.0000000 0.0000000 -1.0000000
-0.9053573 0.5470980 0.2121826 0.0000000 0.0000000 0.0000000 -1.0000000
-0.9053572 0.5470980 0.2121826 0.0000000 0.0000000 0.0000000 -1.0000000
-0.9053572 0.5470981 0.2121826 0.0000000 0.0000000 0.0000000 -1.0000000
-0.9053571 0.5470981 0.2121826 0.0000000 0.0000000 0.0000000 -1.0000000
-0.9053570 0.5470981 0.2121826 0.0000000 0.0000000 0.0000000 -1.0000000
-0.9053569 0.5470981 0.2121826 0.0000000 0.0000000 0.0000000 -1.0000000
-0.9053568 0.5470981 0.2121826 0.0000000 0.0000000 0.0000000 -1.0000000
-0.9053567 0.5470982 0.2121826 0.0000000 0.0000000 0.0000000 -1.0000000
-0.9053567 0.5470982 0.2121826 0.0000000 0.0000000 0.0000000 -1.0000000
-0.9053566 0.5470982 0.2121826 0.0000000 0.0000000 0.0000000 -1.0000000
-0.9053565 0.5470982 0.2121826 0.0000000 0.0000000 0.0000000 -1.0000000
-0.9053564 0.5470982 0.2121826 0.0000000 0.0000000 0.0000000 -1.0000000
-0.9053563 0.5470983 0.2121826 0.0000000 0.0000000 0.0000000 -1.0000000
-0.9053562 0.5470983 0.2121826 0.0000000 0.0000000 0.0000000 -1.0000000
-0.9053562 0.5470983 0.2121826 0.0000000 0.0000000 0.0000000 -1.0000000
