1.4901261 1.0927568 0.4710180 1.0000000 0.0000000 0.0000000 0.0000000
1.4906495 1.0958968 0.4710928 1.0000000 0.0000000 0.0000000 0.0000000
1.4911728 1.0990368 0.4711675 1.0000000 0.0000000 0.0000000 0.0000000
1.4916961 1.1021768 0.4712423 1.0000000 0.0000000 0.0000000 0.0000000
1.4922195 1.1053168 0.4713171 1.0000000 0.0000000 0.0000000 0.0000000
1.4927428 1.1084568 0.4713918 1.0000000 0.0000000 0.0000000 0.0000000
1.4932661 1.1115968 0.4714666 1.0000000 0.0000000 0.0000000 0.0000000
1.4937895 1.1147368 0.4715414 1.0000000 0.0000000 0.0000000 0.0000000
1.4943128 1.1178768 0.4716161 1.0000000 0.0000000 0.0000000 0.0000000
1.4948361 1.1210168 0.4716909 1.0000000 0.0000000 0.0000000 0.0000000
1.4953595 1.1241568 0.4717656 1.0000000 0.0000000 0.0000000 0.0000000
1.4958828 1.1272968 0.4718404 1.0000000 0.0000000 0.0000000 0.0000000
1.4964061 1.1304368 0.4719152 1.0000000 0.0000000 0.0000000 0.0000000
1.4964055 1.1254254 0.4736784 1.0000000 0.0000000 0.0000000 0.0000000
1.4963770 1.1199827 0.4755310 1.0000000 0.0000000 0.0000000 0.0000000
1.4963486 1.1145401 0.4773836 1.0000000 0.0000000 0.0000000 0.0000000
1.4963202 1.1090974 0.4792362 1.0000000 0.0000000 0.0000000 0.0000000
1.4962918 1.1036547 0.4810888 1.0000000 0.0000000 0.0000000 0.0000000
1.4962634 1.0982121 0.4829414 1.0000000 0.0000000 0.0000000 0.0000000
1.4961230 1.0910274 0.4851549 1.0000000 0.0000000 0.0000000 0.0000000
1.4959735 1.0837007 0.4873977 1.0000000 0.0000000 0.0000000 0.0000000
1.4958240 1.0763740 0.4896406 1.0000000 0.0000000 0.0000000 0.0000000
1.4956744 1.0690474 0.4918835 1.0000000 0.0000000 0.0000000 0.0000000
1.4955249 1.0617207 0.4941263 1.0000000 0.0000000 0.0000000 0.0000000
1.4953754 1.0543940 0.4963692 1.0000000 0.0000000 0.0000000 0.0000000
1.4954665 1.0538607 0.4962819 1.0000000 0.0000000 0.0000000 0.0000000
1.4955845 1.0540865 0.4959342 1.0000000 0.0000000 0.0000000 0.0000000
1.4957026 1.0543122 0.4955866 1.0000000 0.0000000 0.0000000 0.0000000
1.4958206 1.0545380 0.4952390 1.0000000 0.0000000 0.0000000 0.0000000
1.4959386 1.0547637 0.4948913 1.0000000 0.0000000 0.0000000 0.0000000
1.4960566 1.0549895 0.4945437 1.0000000 0.0000000 0.0000000 0.0000000
1.4963306 1.0596177 0.4926860 1.0000000 0.0000000 0.0000000 0.0000000
1.4966270 1.0648784 0.4906113 1.0000000 0.0000000 0.0000000 0.0000000
1.4969233 1.0701391 0.4885367 1.0000000 0.0000000 0.0000000 0.0000000
1.4972197 1.0753998 0.4864621 1.0000000 0.0000000 0.0000000 0.0000000
1.4975161 1.0806605 0.4843874 1.0000000 0.0000000 0.0000000 0.0000000
1.4978125 1.0859212 0.4823128 1.0000000 0.0000000 0.0000000 0.0000000
1.4978835 1.0860037 0.4819501 1.0000000 0.0000000 0.0000000 0.0000000
1.4979146 1.0851669 0.4818914 1.0000000 0.0000000 0.0000000 0.0000000
1.4979456 1.0843301 0.4818326 1.0000000 0.0000000 0.0000000 0.0000000
1.4979767 1.0834933 0.4817739 1.0000000 0.0000000 0.0000000 0.0000000
1.4980077 1.0826565 0.4817151 1.0000000 0.0000000 0.0000000 0.0000000
1.4980388 1.0818197 0.4816564 1.0000000 0.0000000 0.0000000 0.0000000
1.4976811 1.0720495 0.4845511 1.0000000 0.0000000 0.0000000 0.0000000
1.4972405 1.0603727 0.4880762 1.0000000 0.0000000 0.0000000 0.0000000
1.4967998 1.0486960 0.4916012 1.0000000 0.0000000 0.0000000 0.0000000
1.4963592 1.0370192 0.4951263 1.0000000 0.0000000 0.0000000 0.0000000
1.4959186 1.0253424 0.4986513 1.0000000 0.0000000 0.0000000 0.0000000
1.4954779 1.0136657 0.5021764 1.0000000 0.0000000 0.0000000 0.0000000
1.4950429 1.0024542 0.5056270 1.0000000 0.0000000 0.0000000 0.0000000
1.4946093 0.9913597 0.5090589 1.0000000 0.0000000 0.0000000 0.0000000
1.4941757 0.9802653 0.5124908 1.0000000 0.0000000 0.0000000 0.0000000
1.4937421 0.9691709 0.5159227 1.0000000 0.0000000 0.0000000 0.0000000
1.4933085 0.9580764 0.5193546 1.0000000 0.0000000 0.0000000 0.0000000
1.4928748 0.9469820 0.5227864 1.0000000 0.0000000 0.0000000 0.0000000
1.4924901 0.9399434 0.5255694 1.0000000 0.0000000 0.0000000 0.0000000
1.4921196 0.9340899 0.5281627 1.0000000 0.0000000 0.0000000 0.0000000
1.4917491 0.9282365 0.5307560 1.0000000 0.0000000 0.0000000 0.0000000
1.4913787 0.9223830 0.5333493 1.0000000 0.0000000 0.0000000 0.0000000
1.4910082 0.9165295 0.5359426 1.0000000 0.0000000 0.0000000 0.0000000
1.4906377 0.9106761 0.5385359 1.0000000 0.0000000 0.0000000 0.0000000
1.4902673 0.9048226 0.5411292 1.0000000 0.0000000 0.0000000 0.0000000
1.4898968 0.8989691 0.5437225 1.0000000 0.0000000 0.0000000 0.0000000
1.4895263 0.8931157 0.5463158 1.0000000 0.0000000 0.0000000 0.0000000
1.4891558 0.8872622 0.5489091 1.0000000 0.0000000 0.0000000 0.0000000
1.4887854 0.8814088 0.5515024 1.0000000 0.0000000 0.0000000 0.0000000
1.4884149 0.8755553 0.5540958 1.0000000 0.0000000 0.0000000 0.0000000
1.4881819 0.8699482 0.5564710 1.0000000 0.0000000 0.0000000 0.0000000
1.4880015 0.8644351 0.5587629 1.0000000 0.0000000 0.0000000 0.0000000
1.4878210 0.8589221 0.5610548 1.0000000 0.0000000 0.0000000 0.0000000
1.4876405 0.8534090 0.5633467 1.0000000 0.0000000 0.0000000 0.0000000
1.4874601 0.8478960 0.5656387 1.0000000 0.0000000 0.0000000 0.0000000
1.4872796 0.8423829 0.5679306 1.0000000 0.0000000 0.0000000 0.0000000
1.4871208 0.8369086 0.5701882 1.0000000 0.0000000 0.0000000 0.0000000
1.4869713 0.8314510 0.5724311 1.0000000 0.0000000 0.0000000 0.0000000
1.4868217 0.8259934 0.5746740 1.0000000 0.0000000 0.0000000 0.0000000
1.4866722 0.8205357 0.5769168 1.0000000 0.0000000 0.0000000 0.0000000
1.4865227 0.8150781 0.5791597 1.0000000 0.0000000 0.0000000 0.0000000
1.4863732 0.8096205 0.5814025 1.0000000 0.0000000 0.0000000 0.0000000
1.4861923 0.8112726 0.5809545 1.0000000 0.0000000 0.0000000 0.0000000
1.4859962 0.8163735 0.5792013 1.0000000 0.0000000 0.0000000 0.0000000
1.4858001 0.8214744 0.5774480 1.0000000 0.0000000 0.0000000 0.0000000
1.4856040 0.8265753 0.5756947 1.0000000 0.0000000 0.0000000 0.0000000
1.4854079 0.8316762 0.5739414 1.0000000 0.0000000 0.0000000 0.0000000
1.4852118 0.8367771 0.5721882 1.0000000 0.0000000 0.0000000 0.0000000
1.4849988 0.8457281 0.5689777 1.0000000 0.0000000 0.0000000 0.0000000
1.4847765 0.8567681 0.5649766 1.0000000 0.0000000 0.0000000 0.0000000
1.4845542 0.8678082 0.5609755 1.0000000 0.0000000 0.0000000 0.0000000
1.4843319 0.8788483 0.5569744 1.0000000 0.0000000 0.0000000 0.0000000
1.4841096 0.8898884 0.5529733 1.0000000 0.0000000 0.0000000 0.0000000
1.4838873 0.9009285 0.5489722 1.0000000 0.0000000 0.0000000 0.0000000
1.4837571 0.9092351 0.5459501 1.0000000 0.0000000 0.0000000 0.0000000
1.4836825 0.9158886 0.5435201 1.0000000 0.0000000 0.0000000 0.0000000
1.4836078 0.9225420 0.5410900 1.0000000 0.0000000 0.0000000 0.0000000
1.4835332 0.9291954 0.5386600 1.0000000 0.0000000 0.0000000 0.0000000
1.4834586 0.9358488 0.5362299 1.0000000 0.0000000 0.0000000 0.0000000
1.4833840 0.9425022 0.5337999 1.0000000 0.0000000 0.0000000 0.0000000
1.4834418 0.9452209 0.5327791 1.0000000 0.0000000 0.0000000 0.0000000
1.4835887 0.9452943 0.5327057 1.0000000 0.0000000 0.0000000 0.0000000
1.4837356 0.9453678 0.5326322 1.0000000 0.0000000 0.0000000 0.0000000
1.4838824 0.9454412 0.5325588 1.0000000 0.0000000 0.0000000 0.0000000
1.4840293 0.9455147 0.5324853 1.0000000 0.0000000 0.0000000 0.0000000
1.4841762 0.9455881 0.5324119 1.0000000 0.0000000 0.0000000 0.0000000
1.4842993 0.9460754 0.5322064 1.0000000 0.0000000 0.0000000 0.0000000
1.4844047 0.9468712 0.5319026 1.0000000 0.0000000 0.0000000 0.0000000
1.4845101 0.9476670 0.5315987 1.0000000 0.0000000 0.0000000 0.0000000
1.4846155 0.9484628 0.5312948 1.0000000 0.0000000 0.0000000 0.0000000
1.4847208 0.9492587 0.5309909 1.0000000 0.0000000 0.0000000 0.0000000
1.4848262 0.9500545 0.5306870 1.0000000 0.0000000 0.0000000 0.0000000
1.4847920 0.9532809 0.5296077 1.0000000 0.0000000 0.0000000 0.0000000
1.4846424 0.9585143 0.5278882 1.0000000 0.0000000 0.0000000 0.0000000
1.4844929 0.9637476 0.5261686 1.0000000 0.0000000 0.0000000 0.0000000
1.4843434 0.9689809 0.5244491 1.0000000 0.0000000 0.0000000 0.0000000
1.4841939 0.9742143 0.5227296 1.0000000 0.0000000 0.0000000 0.0000000
1.4840444 0.9794476 0.5210101 1.0000000 0.0000000 0.0000000 0.0000000
1.4838948 0.9846810 0.5192905 1.0000000 0.0000000 0.0000000 0.0000000
1.4837453 0.9899143 0.5175710 1.0000000 0.0000000 0.0000000 0.0000000
1.4835958 0.9951476 0.5158515 1.0000000 0.0000000 0.0000000 0.0000000
1.4834463 1.0003810 0.5141320 1.0000000 0.0000000 0.0000000 0.0000000
1.4832967 1.0056143 0.5124124 1.0000000 0.0000000 0.0000000 0.0000000
1.4831472 1.0108477 0.5106929 1.0000000 0.0000000 0.0000000 0.0000000
1.4829989 1.0162067 0.5088865 1.0000000 0.0000000 0.0000000 0.0000000
1.4828518 1.0216926 0.5069923 1.0000000 0.0000000 0.0000000 0.0000000
1.4827047 1.0271786 0.5050980 1.0000000 0.0000000 0.0000000 0.0000000
1.4825576 1.0326645 0.5032038 1.0000000 0.0000000 0.0000000 0.0000000
1.4824105 1.0381504 0.5013096 1.0000000 0.0000000 0.0000000 0.0000000
1.4822635 1.0436364 0.4994154 1.0000000 0.0000000 0.0000000 0.0000000
1.4821165 1.0491327 0.4975140 1.0000000 0.0000000 0.0000000 0.0000000
1.4819696 1.0546406 0.4956046 1.0000000 0.0000000 0.0000000 0.0000000
1.4818227 1.0601485 0.4936952 1.0000000 0.0000000 0.0000000 0.0000000
1.4816758 1.0656564 0.4917858 1.0000000 0.0000000 0.0000000 0.0000000
1.4815290 1.0711643 0.4898764 1.0000000 0.0000000 0.0000000 0.0000000
1.4813821 1.0766722 0.4879670 1.0000000 0.0000000 0.0000000 0.0000000
1.4811682 1.0790096 0.4871508 1.0000000 0.0000000 0.0000000 0.0000000
1.4808716 1.0774283 0.4876858 1.0000000 0.0000000 0.0000000 0.0000000
1.4805749 1.0758470 0.4882209 1.0000000 0.0000000 0.0000000 0.0000000
1.4802783 1.0742656 0.4887559 1.0000000 0.0000000 0.0000000 0.0000000
1.4799816 1.0726843 0.4892909 1.0000000 0.0000000 0.0000000 0.0000000
1.4796849 1.0711030 0.4898259 1.0000000 0.0000000 0.0000000 0.0000000
1.4793557 1.0679801 0.4908925 1.0000000 0.0000000 0.0000000 0.0000000
1.4789819 1.0627468 0.4926868 1.0000000 0.0000000 0.0000000 0.0000000
1.4786081 1.0575135 0.4944811 1.0000000 0.0000000 0.0000000 0.0000000
1.4782343 1.0522801 0.4962754 1.0000000 0.0000000 0.0000000 0.0000000
1.4778605 1.0470468 0.4980697 1.0000000 0.0000000 0.0000000 0.0000000
1.4774867 1.0418134 0.4998640 1.0000000 0.0000000 0.0000000 0.0000000
1.4771911 1.0383484 0.5009825 1.0000000 0.0000000 0.0000000 0.0000000
1.4770144 1.0375695 0.5010744 1.0000000 0.0000000 0.0000000 0.0000000
1.4768376 1.0367905 0.5011664 1.0000000 0.0000000 0.0000000 0.0000000
1.4766609 1.0360115 0.5012583 1.0000000 0.0000000 0.0000000 0.0000000
1.4764842 1.0352326 0.5013503 1.0000000 0.0000000 0.0000000 0.0000000
1.4763074 1.0344536 0.5014422 1.0000000 0.0000000 0.0000000 0.0000000
1.4762240 1.0357828 0.5007285 1.0000000 0.0000000 0.0000000 0.0000000
1.4762981 1.0406730 0.4986539 1.0000000 0.0000000 0.0000000 0.0000000
1.4763722 1.0455632 0.4965792 1.0000000 0.0000000 0.0000000 0.0000000
1.4764463 1.0504535 0.4945046 1.0000000 0.0000000 0.0000000 0.0000000
1.4765204 1.0553437 0.4924299 1.0000000 0.0000000 0.0000000 0.0000000
1.4765945 1.0602339 0.4903553 1.0000000 0.0000000 0.0000000 0.0000000
1.4766430 1.0648462 0.4883889 1.0000000 0.0000000 0.0000000 0.0000000
1.4766436 1.0689346 0.4866263 1.0000000 0.0000000 0.0000000 0.0000000
1.4766441 1.0730231 0.4848638 1.0000000 0.0000000 0.0000000 0.0000000
1.4766446 1.0771115 0.4831013 1.0000000 0.0000000 0.0000000 0.0000000
1.4766451 1.0811999 0.4813387 1.0000000 0.0000000 0.0000000 0.0000000
1.4766457 1.0852884 0.4795762 1.0000000 0.0000000 0.0000000 0.0000000
1.4765515 1.0883454 0.4782152 1.0000000 0.0000000 0.0000000 0.0000000
1.4762578 1.0892266 0.4777011 1.0000000 0.0000000 0.0000000 0.0000000
1.4759640 1.0901079 0.4771871 1.0000000 0.0000000 0.0000000 0.0000000
1.4756703 1.0909892 0.4766730 1.0000000 0.0000000 0.0000000 0.0000000
1.4753765 1.0918704 0.4761589 1.0000000 0.0000000 0.0000000 0.0000000
1.4750828 1.0927517 0.4756448 1.0000000 0.0000000 0.0000000 0.0000000
1.4747890 1.0936330 0.4751308 1.0000000 0.0000000 0.0000000 0.0000000
1.4744953 1.0945142 0.4746167 1.0000000 0.0000000 0.0000000 0.0000000
1.4742015 1.0953955 0.4741026 1.0000000 0.0000000 0.0000000 0.0000000
1.4739077 1.0962768 0.4735886 1.0000000 0.0000000 0.0000000 0.0000000
1.4736140 1.0971580 0.4730745 1.0000000 0.0000000 0.0000000 0.0000000
1.4733202 1.0980393 0.4725604 1.0000000 0.0000000 0.0000000 0.0000000
1.4731392 1.0985257 0.4722153 1.0000000 0.0000000 0.0000000 0.0000000
1.4732609 1.0979517 0.4723237 1.0000000 0.0000000 0.0000000 0.0000000
1.4733826 1.0973777 0.4724322 1.0000000 0.0000000 0.0000000 0.0000000
1.4735042 1.0968038 0.4725406 1.0000000 0.0000000 0.0000000 0.0000000
1.4736259 1.0962298 0.4726491 1.0000000 0.0000000 0.0000000 0.0000000
1.4737476 1.0956559 0.4727575 1.0000000 0.0000000 0.0000000 0.0000000
1.4738758 1.0950590 0.4728758 1.0000000 0.0000000 0.0000000 0.0000000
1.4740240 1.0943922 0.4730240 1.0000000 0.0000000 0.0000000 0.0000000
1.4741722 1.0937253 0.4731722 1.0000000 0.0000000 0.0000000 0.0000000
1.4743203 1.0930585 0.4733203 1.0000000 0.0000000 0.0000000 0.0000000
1.4744685 1.0923916 0.4734685 1.0000000 0.0000000 0.0000000 0.0000000
1.4746167 1.0917248 0.4736167 1.0000000 0.0000000 0.0000000 0.0000000
1.4746610 1.0894833 0.4743668 1.0000000 0.0000000 0.0000000 0.0000000
1.4743391 1.0816949 0.4772373 1.0000000 0.0000000 0.0000000 0.0000000
1.4740172 1.0739065 0.4801077 1.0000000 0.0000000 0.0000000 0.0000000
1.4736953 1.0661181 0.4829782 1.0000000 0.0000000 0.0000000 0.0000000
1.4733735 1.0583297 0.4858487 1.0000000 0.0000000 0.0000000 0.0000000
1.4730516 1.0505413 0.4887191 1.0000000 0.0000000 0.0000000 0.0000000
1.4726902 1.0421548 0.4918182 1.0000000 0.0000000 0.0000000 0.0000000
1.4721669 1.0313143 0.4958554 1.0000000 0.0000000 0.0000000 0.0000000
1.4716436 1.0204738 0.4998925 1.0000000 0.0000000 0.0000000 0.0000000
1.4711202 1.0096333 0.5039297 1.0000000 0.0000000 0.0000000 0.0000000
1.4705969 0.9987928 0.5079668 1.0000000 0.0000000 0.0000000 0.0000000
1.4700736 0.9879523 0.5120040 1.0000000 0.0000000 0.0000000 0.0000000
1.4696053 0.9789366 0.5153941 1.0000000 0.0000000 0.0000000 0.0000000
1.4694043 0.9787766 0.5156440 1.0000000 0.0000000 0.0000000 0.0000000
1.4692033 0.9786166 0.5158939 1.0000000 0.0000000 0.0000000 0.0000000
1.4690023 0.9784567 0.5161438 1.0000000 0.0000000 0.0000000 0.0000000
1.4688013 0.9782967 0.5163937 1.0000000 0.0000000 0.0000000 0.0000000
1.4686003 0.9781367 0.5166436 1.0000000 0.0000000 0.0000000 0.0000000
1.4684502 0.9796628 0.5162957 1.0000000 0.0000000 0.0000000 0.0000000
1.4685984 0.9910734 0.5124427 1.0000000 0.0000000 0.0000000 0.0000000
1.4687465 1.0024839 0.5085898 1.0000000 0.0000000 0.0000000 0.0000000
1.4688947 1.0138945 0.5047369 1.0000000 0.0000000 0.0000000 0.0000000
1.4690429 1.0253050 0.5008840 1.0000000 0.0000000 0.0000000 0.0000000
1.4691911 1.0367156 0.4970311 1.0000000 0.0000000 0.0000000 0.0000000
1.4693414 1.0477959 0.4932983 1.0000000 0.0000000 0.0000000 0.0000000
1.4695074 1.0564679 0.4904412 1.0000000 0.0000000 0.0000000 0.0000000
1.4696734 1.0651399 0.4875841 1.0000000 0.0000000 0.0000000 0.0000000
1.4698394 1.0738119 0.4847270 1.0000000 0.0000000 0.0000000 0.0000000
1.4700053 1.0824839 0.4818700 1.0000000 0.0000000 0.0000000 0.0000000
1.4701713 1.0911560 0.4790129 1.0000000 0.0000000 0.0000000 0.0000000
1.4703427 1.0990000 0.4764569 1.0000000 0.0000000 0.0000000 0.0000000
1.4705649 1.0990000 0.4767532 1.0000000 0.0000000 0.0000000 0.0000000
1.4707872 1.0990000 0.4770496 1.0000000 0.0000000 0.0000000 0.0000000
1.4710095 1.0990000 0.4773460 1.0000000 0.0000000 0.0000000 0.0000000
1.4712318 1.0990000 0.4776424 1.0000000 0.0000000 0.0000000 0.0000000
1.4714541 1.0990000 0.4779388 1.0000000 0.0000000 0.0000000 0.0000000
1.4716764 1.0990000 0.4782351 1.0000000 0.0000000 0.0000000 0.0000000
1.4718986 1.0990000 0.4785315 1.0000000 0.0000000 0.0000000 0.0000000
1.4721209 1.0990000 0.4788279 1.0000000 0.0000000 0.0000000 0.0000000
1.4723432 1.0990000 0.4791243 1.0000000 0.0000000 0.0000000 0.0000000
1.4725655 1.0990000 0.4794206 1.0000000 0.0000000 0.0000000 0.0000000
1.4727878 1.0990000 0.4797170 1.0000000 0.0000000 0.0000000 0.0000000
1.4729768 1.0985184 0.4801561 1.0000000 0.0000000 0.0000000 0.0000000
1.4724627 1.0878698 0.4836077 1.0000000 0.0000000 0.0000000 0.0000000
1.4719486 1.0772212 0.4870593 1.0000000 0.0000000 0.0000000 0.0000000
1.4714345 1.0665725 0.4905110 1.0000000 0.0000000 0.0000000 0.0000000
1.4709205 1.0559239 0.4939626 1.0000000 0.0000000 0.0000000 0.0000000
1.4704064 1.0452753 0.4974142 1.0000000 0.0000000 0.0000000 0.0000000
1.4698923 1.0346267 0.5008658 1.0000000 0.0000000 0.0000000 0.0000000
1.4693783 1.0239780 0.5043175 1.0000000 0.0000000 0.0000000 0.0000000
1.4688642 1.0133294 0.5077691 1.0000000 0.0000000 0.0000000 0.0000000
1.4683501 1.0026808 0.5112207 1.0000000 0.0000000 0.0000000 0.0000000
1.4678360 0.9920322 0.5146723 1.0000000 0.0000000 0.0000000 0.0000000
1.4673220 0.9813835 0.5181240 1.0000000 0.0000000 0.0000000 0.0000000
1.4668079 0.9707349 0.5215756 1.0000000 0.0000000 0.0000000 0.0000000
1.4663971 0.9639083 0.5240822 1.0000000 0.0000000 0.0000000 0.0000000
1.4659868 0.9571011 0.5265840 1.0000000 0.0000000 0.0000000 0.0000000
1.4655765 0.9502938 0.5290858 1.0000000 0.0000000 0.0000000 0.0000000
1.4651663 0.9434865 0.5315876 1.0000000 0.0000000 0.0000000 0.0000000
1.4647560 0.9366792 0.5340894 1.0000000 0.0000000 0.0000000 0.0000000
1.4643457 0.9298719 0.5365912 1.0000000 0.0000000 0.0000000 0.0000000
1.4639708 0.9243736 0.5387694 1.0000000 0.0000000 0.0000000 0.0000000
1.4635970 0.9189160 0.5409375 1.0000000 0.0000000 0.0000000 0.0000000
1.4632232 0.9134583 0.5431056 1.0000000 0.0000000 0.0000000 0.0000000
1.4628494 0.9080007 0.5452737 1.0000000 0.0000000 0.0000000 0.0000000
1.4624756 0.9025431 0.5474418 1.0000000 0.0000000 0.0000000 0.0000000
1.4621017 0.8970855 0.5496099 1.0000000 0.0000000 0.0000000 0.0000000
1.4617660 0.9002056 0.5485289 1.0000000 0.0000000 0.0000000 0.0000000
1.4614324 0.9038277 0.5472579 1.0000000 0.0000000 0.0000000 0.0000000
1.4610989 0.9074497 0.5459868 1.0000000 0.0000000 0.0000000 0.0000000
1.4607653 0.9110718 0.5447157 1.0000000 0.0000000 0.0000000 0.0000000
1.4604318 0.9146939 0.5434447 1.0000000 0.0000000 0.0000000 0.0000000
1.4600982 0.9183159 0.5421736 1.0000000 0.0000000 0.0000000 0.0000000
1.4597989 0.9296454 0.5379832 1.0000000 0.0000000 0.0000000 0.0000000
1.4595025 0.9416487 0.5335375 1.0000000 0.0000000 0.0000000 0.0000000
1.4592061 0.9536520 0.5290919 1.0000000 0.0000000 0.0000000 0.0000000
1.4589097 0.9656553 0.5246462 1.0000000 0.0000000 0.0000000 0.0000000
1.4586134 0.9776586 0.5202005 1.0000000 0.0000000 0.0000000 0.0000000
1.4583170 0.9896619 0.5157549 1.0000000 0.0000000 0.0000000 0.0000000
1.4581876 0.9959496 0.5133134 1.0000000 0.0000000 0.0000000 0.0000000
1.4580780 1.0015630 0.5111083 1.0000000 0.0000000 0.0000000 0.0000000
1.4579683 1.0071764 0.5089033 1.0000000 0.0000000 0.0000000 0.0000000
1.4578586 1.0127898 0.5066982 1.0000000 0.0000000 0.0000000 0.0000000
1.4577490 1.0184032 0.5044931 1.0000000 0.0000000 0.0000000 0.0000000
1.4576393 1.0240166 0.5022881 1.0000000 0.0000000 0.0000000 0.0000000
1.4579471 1.0153456 0.5050919 1.0000000 0.0000000 0.0000000 0.0000000
1.4583175 1.0045278 0.5086484 1.0000000 0.0000000 0.0000000 0.0000000
1.4586880 0.9937100 0.5122049 1.0000000 0.0000000 0.0000000 0.0000000
1.4590585 0.9828922 0.5157615 1.0000000 0.0000000 0.0000000 0.0000000
1.4594290 0.9720744 0.5193180 1.0000000 0.0000000 0.0000000 0.0000000
1.4597994 0.9612566 0.5228745 1.0000000 0.0000000 0.0000000 0.0000000
1.4601399 0.9510368 0.5262109 1.0000000 0.0000000 0.0000000 0.0000000
1.4604748 0.9409274 0.5295066 1.0000000 0.0000000 0.0000000 0.0000000
1.4608097 0.9308179 0.5328023 1.0000000 0.0000000 0.0000000 0.0000000
1.4611446 0.9207085 0.5360981 1.0000000 0.0000000 0.0000000 0.0000000
1.4614795 0.9105990 0.5393938 1.0000000 0.0000000 0.0000000 0.0000000
1.4618144 0.9004896 0.5426895 1.0000000 0.0000000 0.0000000 0.0000000
1.4614502 0.9043049 0.5408581 1.0000000 0.0000000 0.0000000 0.0000000
1.4609315 0.9111957 0.5378943 1.0000000 0.0000000 0.0000000 0.0000000
1.4604128 0.9180865 0.5349305 1.0000000 0.0000000 0.0000000 0.0000000
1.4598942 0.9249773 0.5319668 1.0000000 0.0000000 0.0000000 0.0000000
1.4593755 0.9318681 0.5290030 1.0000000 0.0000000 0.0000000 0.0000000
1.4588569 0.9387589 0.5260392 1.0000000 0.0000000 0.0000000 0.0000000
1.4583382 0.9456496 0.5230754 1.0000000 0.0000000 0.0000000 0.0000000
1.4578195 0.9525404 0.5201116 1.0000000 0.0000000 0.0000000 0.0000000
1.4573009 0.9594312 0.5171479 1.0000000 0.0000000 0.0000000 0.0000000
1.4567822 0.9663220 0.5141841 1.0000000 0.0000000 0.0000000 0.0000000
1.4562636 0.9732128 0.5112203 1.0000000 0.0000000 0.0000000 0.0000000
1.4557449 0.9801036 0.5082565 1.0000000 0.0000000 0.0000000 0.0000000
1.4556356 0.9863245 0.5060316 1.0000000 0.0000000 0.0000000 0.0000000
1.4556494 0.9923440 0.5040288 1.0000000 0.0000000 0.0000000 0.0000000
1.4556631 0.9983635 0.5020260 1.0000000 0.0000000 0.0000000 0.0000000
1.4556769 1.0043829 0.5000233 1.0000000 0.0000000 0.0000000 0.0000000
1.4556907 1.0104024 0.4980205 1.0000000 0.0000000 0.0000000 0.0000000
1.4557044 1.0164219 0.4960177 1.0000000 0.0000000 0.0000000 0.0000000
1.4558172 1.0222794 0.4941936 1.0000000 0.0000000 0.0000000 0.0000000
1.4559641 1.0280811 0.4924311 1.0000000 0.0000000 0.0000000 0.0000000
1.4561110 1.0338827 0.4906685 1.0000000 0.0000000 0.0000000 0.0000000
1.4562578 1.0396844 0.4889060 1.0000000 0.0000000 0.0000000 0.0000000
1.4564047 1.0454861 0.4871435 1.0000000 0.0000000 0.0000000 0.0000000
1.4565516 1.0512877 0.4853809 1.0000000 0.0000000 0.0000000 0.0000000
1.4564964 1.0572170 0.4834610 1.0000000 0.0000000 0.0000000 0.0000000
1.4563621 1.0631962 0.4814795 1.0000000 0.0000000 0.0000000 0.0000000
1.4562278 1.0691754 0.4794980 1.0000000 0.0000000 0.0000000 0.0000000
1.4560935 1.0751547 0.4775164 1.0000000 0.0000000 0.0000000 0.0000000
1.4559592 1.0811339 0.4755349 1.0000000 0.0000000 0.0000000 0.0000000
1.4558249 1.0871131 0.4735534 1.0000000 0.0000000 0.0000000 0.0000000
1.4555246 1.0931972 0.4714424 1.0000000 0.0000000 0.0000000 0.0000000
1.4551507 1.0993277 0.4692743 1.0000000 0.0000000 0.0000000 0.0000000
1.4547769 1.1054582 0.4671062 1.0000000 0.0000000 0.0000000 0.0000000
1.4544031 1.1115887 0.4649381 1.0000000 0.0000000 0.0000000 0.0000000
1.4540293 1.1177192 0.4627700 1.0000000 0.0000000 0.0000000 0.0000000
1.4536555 1.1238497 0.4606020 1.0000000 0.0000000 0.0000000 0.0000000
1.4534873 1.1285120 0.4590703 1.0000000 0.0000000 0.0000000 0.0000000
1.4534211 1.1324457 0.4578545 1.0000000 0.0000000 0.0000000 0.0000000
1.4533549 1.1363794 0.4566387 1.0000000 0.0000000 0.0000000 0.0000000
1.4532887 1.1403131 0.4554229 1.0000000 0.0000000 0.0000000 0.0000000
1.4532225 1.1442469 0.4542071 1.0000000 0.0000000 0.0000000 0.0000000
1.4531564 1.1481806 0.4529913 1.0000000 0.0000000 0.0000000 0.0000000
1.4535106 1.1491117 0.4530771 1.0000000 0.0000000 0.0000000 0.0000000
1.4540981 1.1483773 0.4538850 1.0000000 0.0000000 0.0000000 0.0000000
1.4546857 1.1476429 0.4546928 1.0000000 0.0000000 0.0000000 0.0000000
1.4552732 1.1469085 0.4555006 1.0000000 0.0000000 0.0000000 0.0000000
1.4558607 1.1461741 0.4563084 1.0000000 0.0000000 0.0000000 0.0000000
1.4564482 1.1454398 0.4571163 1.0000000 0.0000000 0.0000000 0.0000000
1.4570000 1.1447382 0.4578969 1.0000000 0.0000000 0.0000000 0.0000000
1.4575299 1.1440568 0.4586607 1.0000000 0.0000000 0.0000000 0.0000000
1.4580597 1.1433754 0.4594246 1.0000000 0.0000000 0.0000000 0.0000000
1.4585895 1.1426941 0.4601884 1.0000000 0.0000000 0.0000000 0.0000000
1.4591194 1.1420127 0.4609523 1.0000000 0.0000000 0.0000000 0.0000000
1.4596492 1.1413314 0.4617161 1.0000000 0.0000000 0.0000000 0.0000000
1.4596432 1.1411427 0.4620714 1.0000000 0.0000000 0.0000000 0.0000000
1.4592694 1.1412922 0.4621461 1.0000000 0.0000000 0.0000000 0.0000000
1.4588956 1.1414418 0.4622209 1.0000000 0.0000000 0.0000000 0.0000000
1.4585218 1.1415913 0.4622956 1.0000000 0.0000000 0.0000000 0.0000000
1.4581480 1.1417408 0.4623704 1.0000000 0.0000000 0.0000000 0.0000000
1.4577742 1.1418903 0.4624452 1.0000000 0.0000000 0.0000000 0.0000000
1.4574003 1.1420399 0.4625199 1.0000000 0.0000000 0.0000000 0.0000000
1.4570265 1.1421894 0.4625947 1.0000000 0.0000000 0.0000000 0.0000000
1.4566527 1.1423389 0.4626695 1.0000000 0.0000000 0.0000000 0.0000000
1.4562789 1.1424884 0.4627442 1.0000000 0.0000000 0.0000000 0.0000000
1.4559051 1.1426380 0.4628190 1.0000000 0.0000000 0.0000000 0.0000000
1.4555313 1.1427875 0.4628937 1.0000000 0.0000000 0.0000000 0.0000000
1.4553955 1.1426324 0.4632722 1.0000000 0.0000000 0.0000000 0.0000000
1.4554601 1.1422206 0.4639066 1.0000000 0.0000000 0.0000000 0.0000000
1.4555248 1.1418089 0.4645409 1.0000000 0.0000000 0.0000000 0.0000000
1.4555895 1.1413971 0.4651753 1.0000000 0.0000000 0.0000000 0.0000000
1.4556541 1.1409854 0.4658096 1.0000000 0.0000000 0.0000000 0.0000000
1.4557188 1.1405736 0.4664440 1.0000000 0.0000000 0.0000000 0.0000000
1.4558267 1.1401065 0.4671335 1.0000000 0.0000000 0.0000000 0.0000000
1.4559749 1.1395879 0.4678744 1.0000000 0.0000000 0.0000000 0.0000000
1.4561231 1.1390692 0.4686154 1.0000000 0.0000000 0.0000000 0.0000000
1.4562713 1.1385506 0.4693563 1.0000000 0.0000000 0.0000000 0.0000000
1.4564195 1.1380319 0.4700973 1.0000000 0.0000000 0.0000000 0.0000000
1.4565676 1.1375132 0.4708382 1.0000000 0.0000000 0.0000000 0.0000000
1.4566069 1.1372129 0.4715555 1.0000000 0.0000000 0.0000000 0.0000000
1.4565340 1.1371377 0.4722485 1.0000000 0.0000000 0.0000000 0.0000000
1.4564611 1.1370624 0.4729414 1.0000000 0.0000000 0.0000000 0.0000000
1.4563882 1.1369871 0.4736344 1.0000000 0.0000000 0.0000000 0.0000000
1.4563153 1.1369118 0.4743273 1.0000000 0.0000000 0.0000000 0.0000000
1.4562424 1.1368366 0.4750203 1.0000000 0.0000000 0.0000000 0.0000000
1.4561006 1.1368994 0.4756983 1.0000000 0.0000000 0.0000000 0.0000000
1.4558803 1.1371197 0.4763592 1.0000000 0.0000000 0.0000000 0.0000000
1.4556599 1.1373401 0.4770202 1.0000000 0.0000000 0.0000000 0.0000000
1.4554396 1.1375604 0.4776811 1.0000000 0.0000000 0.0000000 0.0000000
1.4552193 1.1377807 0.4783421 1.0000000 0.0000000 0.0000000 0.0000000
1.4549990 1.1380010 0.4790030 1.0000000 0.0000000 0.0000000 0.0000000
1.4548006 1.1381320 0.4796658 1.0000000 0.0000000 0.0000000 0.0000000
1.4546297 1.1381503 0.4803307 1.0000000 0.0000000 0.0000000 0.0000000
1.4544589 1.1381686 0.4809957 1.0000000 0.0000000 0.0000000 0.0000000
1.4542881 1.1381869 0.4816607 1.0000000 0.0000000 0.0000000 0.0000000
1.4541173 1.1382052 0.4823257 1.0000000 0.0000000 0.0000000 0.0000000
1.4539464 1.1382236 0.4829907 1.0000000 0.0000000 0.0000000 0.0000000
1.4538157 1.1380783 0.4836590 1.0000000 0.0000000 0.0000000 0.0000000
1.4537409 1.1377045 0.4843319 1.0000000 0.0000000 0.0000000 0.0000000
1.4536661 1.1373307 0.4850047 1.0000000 0.0000000 0.0000000 0.0000000
1.4535914 1.1369569 0.4856776 1.0000000 0.0000000 0.0000000 0.0000000
1.4535166 1.1365831 0.4863504 1.0000000 0.0000000 0.0000000 0.0000000
1.4534419 1.1362093 0.4870233 1.0000000 0.0000000 0.0000000 0.0000000
1.4533636 1.1358530 0.4876959 1.0000000 0.0000000 0.0000000 0.0000000
1.4532801 1.1355241 0.4883680 1.0000000 0.0000000 0.0000000 0.0000000
1.4531965 1.1351951 0.4890402 1.0000000 0.0000000 0.0000000 0.0000000
1.4531129 1.1348662 0.4897123 1.0000000 0.0000000 0.0000000 0.0000000
1.4530293 1.1345372 0.4903844 1.0000000 0.0000000 0.0000000 0.0000000
1.4529458 1.1342083 0.4910566 1.0000000 0.0000000 0.0000000 0.0000000
1.4528385 1.1340000 0.4917268 1.0000000 0.0000000 0.0000000 0.0000000
1.4526903 1.1340000 0.4923936 1.0000000 0.0000000 0.0000000 0.0000000
1.4525421 1.1340000 0.4930605 1.0000000 0.0000000 0.0000000 0.0000000
1.4523939 1.1340000 0.4937273 1.0000000 0.0000000 0.0000000 0.0000000
1.4522457 1.1340000 0.4943942 1.0000000 0.0000000 0.0000000 0.0000000
1.4520976 1.1340000 0.4950610 1.0000000 0.0000000 0.0000000 0.0000000
1.4519494 1.1340000 0.4957279 1.0000000 0.0000000 0.0000000 0.0000000
1.4518012 1.1340000 0.4963947 1.0000000 0.0000000 0.0000000 0.0000000
1.4516530 1.1340000 0.4970616 1.0000000 0.0000000 0.0000000 0.0000000
1.4515048 1.1340000 0.4977284 1.0000000 0.0000000 0.0000000 0.0000000
1.4513566 1.1340000 0.4983953 1.0000000 0.0000000 0.0000000 0.0000000
1.4512084 1.1340000 0.4990621 1.0000000 0.0000000 0.0000000 0.0000000
1.4510197 1.1340614 0.4994614 1.0000000 0.0000000 0.0000000 0.0000000
1.4507434 1.1342553 0.4992829 1.0000000 0.0000000 0.0000000 0.0000000
1.4504671 1.1344491 0.4991044 1.0000000 0.0000000 0.0000000 0.0000000
1.4501908 1.1346430 0.4989259 1.0000000 0.0000000 0.0000000 0.0000000
1.4499145 1.1348369 0.4987474 1.0000000 0.0000000 0.0000000 0.0000000
1.4496382 1.1350308 0.4985689 1.0000000 0.0000000 0.0000000 0.0000000
1.4493569 1.1352324 0.4983569 1.0000000 0.0000000 0.0000000 0.0000000
1.4490631 1.1354527 0.4980631 1.0000000 0.0000000 0.0000000 0.0000000
1.4487694 1.1356730 0.4977694 1.0000000 0.0000000 0.0000000 0.0000000
1.4484756 1.1358933 0.4974756 1.0000000 0.0000000 0.0000000 0.0000000
1.4481818 1.1361136 0.4971818 1.0000000 0.0000000 0.0000000 0.0000000
1.4478881 1.1363339 0.4968881 1.0000000 0.0000000 0.0000000 0.0000000
1.4476181 1.1365549 0.4966305 1.0000000 0.0000000 0.0000000 0.0000000
1.4474138 1.1367777 0.4964725 1.0000000 0.0000000 0.0000000 0.0000000
1.4472095 1.1370005 0.4963145 1.0000000 0.0000000 0.0000000 0.0000000
1.4470052 1.1372232 0.4961566 1.0000000 0.0000000 0.0000000 0.0000000
1.4468008 1.1374460 0.4959986 1.0000000 0.0000000 0.0000000 0.0000000
1.4465965 1.1376688 0.4958406 1.0000000 0.0000000 0.0000000 0.0000000
1.4464054 1.1378919 0.4957027 1.0000000 0.0000000 0.0000000 0.0000000
1.4462559 1.1381162 0.4956279 1.0000000 0.0000000 0.0000000 0.0000000
1.4461063 1.1383405 0.4955532 1.0000000 0.0000000 0.0000000 0.0000000
1.4459568 1.1385648 0.4954784 1.0000000 0.0000000 0.0000000 0.0000000
1.4458073 1.1387891 0.4954036 1.0000000 0.0000000 0.0000000 0.0000000
1.4456578 1.1390134 0.4953289 1.0000000 0.0000000 0.0000000 0.0000000
1.4454955 1.1392375 0.4952222 1.0000000 0.0000000 0.0000000 0.0000000
1.4452873 1.1394610 0.4949995 1.0000000 0.0000000 0.0000000 0.0000000
1.4450790 1.1396844 0.4947768 1.0000000 0.0000000 0.0000000 0.0000000
1.4448707 1.1399079 0.4945541 1.0000000 0.0000000 0.0000000 0.0000000
1.4446625 1.1401314 0.4943314 1.0000000 0.0000000 0.0000000 0.0000000
1.4444542 1.1403549 0.4941087 1.0000000 0.0000000 0.0000000 0.0000000
1.4442291 1.1405782 0.4938437 1.0000000 0.0000000 0.0000000 0.0000000
1.4439327 1.1408004 0.4933991 1.0000000 0.0000000 0.0000000 0.0000000
1.4436364 1.1410227 0.4929545 1.0000000 0.0000000 0.0000000 0.0000000
1.4433400 1.1412450 0.4925100 1.0000000 0.0000000 0.0000000 0.0000000
1.4430436 1.1414673 0.4920654 1.0000000 0.0000000 0.0000000 0.0000000
1.4427472 1.1416896 0.4916208 1.0000000 0.0000000 0.0000000 0.0000000
1.4424587 1.1419099 0.4911822 1.0000000 0.0000000 0.0000000 0.0000000
1.4422098 1.1421203 0.4907732 1.0000000 0.0000000 0.0000000 0.0000000
1.4419608 1.1423308 0.4903642 1.0000000 0.0000000 0.0000000 0.0000000
1.4417118 1.1425412 0.4899552 1.0000000 0.0000000 0.0000000 0.0000000
1.4414629 1.1427516 0.4895462 1.0000000 0.0000000 0.0000000 0.0000000
1.4412139 1.1429620 0.4891372 1.0000000 0.0000000 0.0000000 0.0000000
1.4410000 1.1431637 0.4887544 1.0000000 0.0000000 0.0000000 0.0000000
1.4410000 1.1433119 0.4885322 1.0000000 0.0000000 0.0000000 0.0000000
1.4410000 1.1434601 0.4883099 1.0000000 0.0000000 0.0000000 0.0000000
1.4410000 1.1436083 0.4880876 1.0000000 0.0000000 0.0000000 0.0000000
1.4410000 1.1437565 0.4878653 1.0000000 0.0000000 0.0000000 0.0000000
1.4410000 1.1439047 0.4876430 1.0000000 0.0000000 0.0000000 0.0000000
1.4410000 1.1440528 0.4874207 1.0000000 0.0000000 0.0000000 0.0000000
1.4410000 1.1442010 0.4871985 1.0000000 0.0000000 0.0000000 0.0000000
1.4410000 1.1443492 0.4869762 1.0000000 0.0000000 0.0000000 0.0000000
1.4410000 1.1444974 0.4867539 1.0000000 0.0000000 0.0000000 0.0000000
1.4410000 1.1446456 0.4865316 1.0000000 0.0000000 0.0000000 0.0000000
1.4410000 1.1447938 0.4863093 1.0000000 0.0000000 0.0000000 0.0000000
1.4409694 1.1450030 0.4860566 1.0000000 0.0000000 0.0000000 0.0000000
1.4406316 1.1458256 0.4854984 1.0000000 0.0000000 0.0000000 0.0000000
1.4402938 1.1466482 0.4849401 1.0000000 0.0000000 0.0000000 0.0000000
1.4399560 1.1474708 0.4843818 1.0000000 0.0000000 0.0000000 0.0000000
1.4396182 1.1482935 0.4838235 1.0000000 0.0000000 0.0000000 0.0000000
1.4392804 1.1491161 0.4832652 1.0000000 0.0000000 0.0000000 0.0000000
1.4389406 1.1499425 0.4827050 1.0000000 0.0000000 0.0000000 0.0000000
1.4385734 1.1508238 0.4821175 1.0000000 0.0000000 0.0000000 0.0000000
1.4382062 1.1517051 0.4815300 1.0000000 0.0000000 0.0000000 0.0000000
1.4378390 1.1525863 0.4809425 1.0000000 0.0000000 0.0000000 0.0000000
1.4374718 1.1534676 0.4803549 1.0000000 0.0000000 0.0000000 0.0000000
1.4371046 1.1543489 0.4797674 1.0000000 0.0000000 0.0000000 0.0000000
1.4367631 1.1551968 0.4791975 1.0000000 0.0000000 0.0000000 0.0000000
1.4370330 1.1552497 0.4790471 1.0000000 0.0000000 0.0000000 0.0000000
1.4373029 1.1553026 0.4788967 1.0000000 0.0000000 0.0000000 0.0000000
1.4375728 1.1553556 0.4787463 1.0000000 0.0000000 0.0000000 0.0000000
1.4378427 1.1554085 0.4785959 1.0000000 0.0000000 0.0000000 0.0000000
1.4381125 1.1554614 0.4784454 1.0000000 0.0000000 0.0000000 0.0000000
1.4383874 1.1555079 0.4782984 1.0000000 0.0000000 0.0000000 0.0000000
1.4389855 1.1551341 0.4783732 1.0000000 0.0000000 0.0000000 0.0000000
1.4395836 1.1547603 0.4784479 1.0000000 0.0000000 0.0000000 0.0000000
1.4401817 1.1543864 0.4785227 1.0000000 0.0000000 0.0000000 0.0000000
1.4407798 1.1540126 0.4785975 1.0000000 0.0000000 0.0000000 0.0000000
1.4413779 1.1536388 0.4786722 1.0000000 0.0000000 0.0000000 0.0000000
1.4419760 1.1532650 0.4787470 1.0000000 0.0000000 0.0000000 0.0000000
1.4422813 1.1534090 0.4785633 1.0000000 0.0000000 0.0000000 0.0000000
1.4425836 1.1535583 0.4783769 1.0000000 0.0000000 0.0000000 0.0000000
1.4428859 1.1537076 0.4781906 1.0000000 0.0000000 0.0000000 0.0000000
1.4431883 1.1538569 0.4780042 1.0000000 0.0000000 0.0000000 0.0000000
1.4434906 1.1540062 0.4778179 1.0000000 0.0000000 0.0000000 0.0000000
1.4437929 1.1541555 0.4776316 1.0000000 0.0000000 0.0000000 0.0000000
1.4437321 1.1549471 0.4771246 1.0000000 0.0000000 0.0000000 0.0000000
1.4436580 1.1557621 0.4766059 1.0000000 0.0000000 0.0000000 0.0000000
1.4435839 1.1565772 0.4760873 1.0000000 0.0000000 0.0000000 0.0000000
1.4435098 1.1573922 0.4755686 1.0000000 0.0000000 0.0000000 0.0000000
1.4434357 1.1582072 0.4750499 1.0000000 0.0000000 0.0000000 0.0000000
1.4433616 1.1590223 0.4745313 1.0000000 0.0000000 0.0000000 0.0000000
1.4434533 1.1595461 0.4742067 1.0000000 0.0000000 0.0000000 0.0000000
1.4435556 1.1600513 0.4738946 1.0000000 0.0000000 0.0000000 0.0000000
1.4436578 1.1605564 0.4735825 1.0000000 0.0000000 0.0000000 0.0000000
1.4437601 1.1610616 0.4732704 1.0000000 0.0000000 0.0000000 0.0000000
1.4438624 1.1615667 0.4729582 1.0000000 0.0000000 0.0000000 0.0000000
1.4439647 1.1620719 0.4726461 1.0000000 0.0000000 0.0000000 0.0000000
1.4447123 1.1614434 0.4730896 1.0000000 0.0000000 0.0000000 0.0000000
1.4455201 1.1607090 0.4736037 1.0000000 0.0000000 0.0000000 0.0000000
1.4463279 1.1599746 0.4741178 1.0000000 0.0000000 0.0000000 0.0000000
1.4471357 1.1592402 0.4746318 1.0000000 0.0000000 0.0000000 0.0000000
1.4479436 1.1585058 0.4751459 1.0000000 0.0000000 0.0000000 0.0000000
1.4487514 1.1577715 0.4756600 1.0000000 0.0000000 0.0000000 0.0000000
1.4495592 1.1570371 0.4761741 1.0000000 0.0000000 0.0000000 0.0000000
1.4503671 1.1563027 0.4766881 1.0000000 0.0000000 0.0000000 0.0000000
1.4511749 1.1555683 0.4772022 1.0000000 0.0000000 0.0000000 0.0000000
1.4519827 1.1548339 0.4777163 1.0000000 0.0000000 0.0000000 0.0000000
1.4527905 1.1540995 0.4782303 1.0000000 0.0000000 0.0000000 0.0000000
1.4535984 1.1533651 0.4787444 1.0000000 0.0000000 0.0000000 0.0000000
1.4540536 1.1531059 0.4785371 1.0000000 0.0000000 0.0000000 0.0000000
1.4544534 1.1529213 0.4782166 1.0000000 0.0000000 0.0000000 0.0000000
1.4548533 1.1527367 0.4778960 1.0000000 0.0000000 0.0000000 0.0000000
1.4552531 1.1525521 0.4775755 1.0000000 0.0000000 0.0000000 0.0000000
1.4556530 1.1523675 0.4772550 1.0000000 0.0000000 0.0000000 0.0000000
1.4560528 1.1521828 0.4769344 1.0000000 0.0000000 0.0000000 0.0000000
1.4564308 1.1520277 0.4765692 1.0000000 0.0000000 0.0000000 0.0000000
1.4568046 1.1518781 0.4761954 1.0000000 0.0000000 0.0000000 0.0000000
1.4571784 1.1517286 0.4758216 1.0000000 0.0000000 0.0000000 0.0000000
1.4575522 1.1515791 0.4754478 1.0000000 0.0000000 0.0000000 0.0000000
1.4579261 1.1514296 0.4750739 1.0000000 0.0000000 0.0000000 0.0000000
1.4582999 1.1512801 0.4747001 1.0000000 0.0000000 0.0000000 0.0000000
1.4586283 1.1508273 0.4748929 1.0000000 0.0000000 0.0000000 0.0000000
1.4589464 1.1503053 0.4752150 1.0000000 0.0000000 0.0000000 0.0000000
1.4592644 1.1497833 0.4755371 1.0000000 0.0000000 0.0000000 0.0000000
1.4595825 1.1492613 0.4758592 1.0000000 0.0000000 0.0000000 0.0000000
1.4599005 1.1487393 0.4761813 1.0000000 0.0000000 0.0000000 0.0000000
1.4602186 1.1482173 0.4765034 1.0000000 0.0000000 0.0000000 0.0000000
1.4605195 1.1475810 0.4770391 1.0000000 0.0000000 0.0000000 0.0000000
1.4608159 1.1469142 0.4776318 1.0000000 0.0000000 0.0000000 0.0000000
1.4611123 1.1462473 0.4782246 1.0000000 0.0000000 0.0000000 0.0000000
1.4614087 1.1455805 0.4788173 1.0000000 0.0000000 0.0000000 0.0000000
1.4617051 1.1449136 0.4794101 1.0000000 0.0000000 0.0000000 0.0000000
1.4620014 1.1442468 0.4800029 1.0000000 0.0000000 0.0000000 0.0000000
1.4622699 1.1415627 0.4811591 1.0000000 0.0000000 0.0000000 0.0000000
1.4625298 1.1382549 0.4824896 1.0000000 0.0000000 0.0000000 0.0000000
1.4627897 1.1349471 0.4838201 1.0000000 0.0000000 0.0000000 0.0000000
1.4630495 1.1316393 0.4851506 1.0000000 0.0000000 0.0000000 0.0000000
1.4633094 1.1283315 0.4864811 1.0000000 0.0000000 0.0000000 0.0000000
1.4635693 1.1250236 0.4878116 1.0000000 0.0000000 0.0000000 0.0000000
1.4637999 1.1196024 0.4897325 1.0000000 0.0000000 0.0000000 0.0000000
1.4640202 1.1134335 0.4918622 1.0000000 0.0000000 0.0000000 0.0000000
1.4642405 1.1072647 0.4939920 1.0000000 0.0000000 0.0000000 0.0000000
1.4644609 1.1010958 0.4961217 1.0000000 0.0000000 0.0000000 0.0000000
1.4646812 1.0949270 0.4982514 1.0000000 0.0000000 0.0000000 0.0000000
1.4649015 1.0887581 0.5003811 1.0000000 0.0000000 0.0000000 0.0000000
1.4651224 1.0844379 0.5017892 1.0000000 0.0000000 0.0000000 0.0000000
1.4653436 1.0808598 0.5029076 1.0000000 0.0000000 0.0000000 0.0000000
1.4655648 1.0772816 0.5040260 1.0000000 0.0000000 0.0000000 0.0000000
1.4657860 1.0737035 0.5051445 1.0000000 0.0000000 0.0000000 0.0000000
1.4660072 1.0701254 0.5062629 1.0000000 0.0000000 0.0000000 0.0000000
1.4662284 1.0665472 0.5073813 1.0000000 0.0000000 0.0000000 0.0000000
1.4664517 1.0692926 0.5060312 1.0000000 0.0000000 0.0000000 0.0000000
1.4666760 1.0748998 0.5035641 1.0000000 0.0000000 0.0000000 0.0000000
1.4669003 1.0805069 0.5010970 1.0000000 0.0000000 0.0000000 0.0000000
1.4671246 1.0861141 0.4986298 1.0000000 0.0000000 0.0000000 0.0000000
1.4673488 1.0917212 0.4961627 1.0000000 0.0000000 0.0000000 0.0000000
1.4675731 1.0973284 0.4936955 1.0000000 0.0000000 0.0000000 0.0000000
1.4677974 1.1029355 0.4912284 1.0000000 0.0000000 0.0000000 0.0000000
1.4680217 1.1085427 0.4887612 1.0000000 0.0000000 0.0000000 0.0000000
1.4682460 1.1141498 0.4862941 1.0000000 0.0000000 0.0000000 0.0000000
1.4684703 1.1197570 0.4838269 1.0000000 0.0000000 0.0000000 0.0000000
1.4686946 1.1253641 0.4813598 1.0000000 0.0000000 0.0000000 0.0000000
1.4689189 1.1309713 0.4788926 1.0000000 0.0000000 0.0000000 0.0000000
1.4691891 1.1251977 0.4808845 1.0000000 0.0000000 0.0000000 0.0000000
1.4694855 1.1129721 0.4854042 1.0000000 0.0000000 0.0000000 0.0000000
1.4697819 1.1007466 0.4899240 1.0000000 0.0000000 0.0000000 0.0000000
1.4700783 1.0885210 0.4944438 1.0000000 0.0000000 0.0000000 0.0000000
1.4703747 1.0762954 0.4989635 1.0000000 0.0000000 0.0000000 0.0000000
1.4706710 1.0640698 0.5034833 1.0000000 0.0000000 0.0000000 0.0000000
1.4709674 1.0518442 0.5080031 1.0000000 0.0000000 0.0000000 0.0000000
1.4712638 1.0396186 0.5125228 1.0000000 0.0000000 0.0000000 0.0000000
1.4715602 1.0273930 0.5170426 1.0000000 0.0000000 0.0000000 0.0000000
1.4718565 1.0151674 0.5215623 1.0000000 0.0000000 0.0000000 0.0000000
1.4721529 1.0029418 0.5260821 1.0000000 0.0000000 0.0000000 0.0000000
1.4724493 0.9907163 0.5306019 1.0000000 0.0000000 0.0000000 0.0000000
1.4723484 0.9869001 0.5319102 1.0000000 0.0000000 0.0000000 0.0000000
1.4719690 0.9889777 0.5309677 1.0000000 0.0000000 0.0000000 0.0000000
1.4715897 0.9910553 0.5300252 1.0000000 0.0000000 0.0000000 0.0000000
1.4712103 0.9931329 0.5290827 1.0000000 0.0000000 0.0000000 0.0000000
1.4708309 0.9952105 0.5281402 1.0000000 0.0000000 0.0000000 0.0000000
1.4704516 0.9972881 0.5271978 1.0000000 0.0000000 0.0000000 0.0000000
1.4699521 1.0019079 0.5252845 1.0000000 0.0000000 0.0000000 0.0000000
1.4693593 1.0085023 0.5226171 1.0000000 0.0000000 0.0000000 0.0000000
1.4687666 1.0150967 0.5199497 1.0000000 0.0000000 0.0000000 0.0000000
1.4681738 1.0216911 0.5172823 1.0000000 0.0000000 0.0000000 0.0000000
1.4675811 1.0282855 0.5146149 1.0000000 0.0000000 0.0000000 0.0000000
1.4669883 1.0348799 0.5119475 1.0000000 0.0000000 0.0000000 0.0000000
1.4666442 1.0361916 0.5109581 1.0000000 0.0000000 0.0000000 0.0000000
1.4665138 1.0329610 0.5114116 1.0000000 0.0000000 0.0000000 0.0000000
1.4663834 1.0297305 0.5118650 1.0000000 0.0000000 0.0000000 0.0000000
1.4662529 1.0265000 0.5123185 1.0000000 0.0000000 0.0000000 0.0000000
1.4661225 1.0232695 0.5127719 1.0000000 0.0000000 0.0000000 0.0000000
1.4659921 1.0200390 0.5132254 1.0000000 0.0000000 0.0000000 0.0000000
1.4660805 1.0121599 0.5151554 1.0000000 0.0000000 0.0000000 0.0000000
1.4663769 0.9998602 0.5184897 1.0000000 0.0000000 0.0000000 0.0000000
1.4666732 0.9875606 0.5218239 1.0000000 0.0000000 0.0000000 0.0000000
1.4669696 0.9752609 0.5251582 1.0000000 0.0000000 0.0000000 0.0000000
1.4672660 0.9629612 0.5284924 1.0000000 0.0000000 0.0000000 0.0000000
1.4675624 0.9506615 0.5318267 1.0000000 0.0000000 0.0000000 0.0000000
1.4678183 0.9416943 0.5340544 1.0000000 0.0000000 0.0000000 0.0000000
1.4680317 0.9362314 0.5351185 1.0000000 0.0000000 0.0000000 0.0000000
1.4682451 0.9307685 0.5361825 1.0000000 0.0000000 0.0000000 0.0000000
1.4684585 0.9253056 0.5372466 1.0000000 0.0000000 0.0000000 0.0000000
1.4686719 0.9198427 0.5383107 1.0000000 0.0000000 0.0000000 0.0000000
1.4688853 0.9143798 0.5393748 1.0000000 0.0000000 0.0000000 0.0000000
1.4690000 0.9170445 0.5377400 1.0000000 0.0000000 0.0000000 0.0000000
1.4690000 0.9291619 0.5329665 1.0000000 0.0000000 0.0000000 0.0000000
1.4690000 0.9412793 0.5281930 1.0000000 0.0000000 0.0000000 0.0000000
1.4690000 0.9533967 0.5234195 1.0000000 0.0000000 0.0000000 0.0000000
1.4690000 0.9655141 0.5186460 1.0000000 0.0000000 0.0000000 0.0000000
1.4690000 0.9776315 0.5138724 1.0000000 0.0000000 0.0000000 0.0000000
1.4690013 0.9896416 0.5091380 1.0000000 0.0000000 0.0000000 0.0000000
1.4690043 1.0015137 0.5044540 1.0000000 0.0000000 0.0000000 0.0000000
1.4690073 1.0133857 0.4997700 1.0000000 0.0000000 0.0000000 0.0000000
1.4690103 1.0252578 0.4950860 1.0000000 0.0000000 0.0000000 0.0000000
1.4690133 1.0371299 0.4904019 1.0000000 0.0000000 0.0000000 0.0000000
1.4690163 1.0490019 0.4857179 1.0000000 0.0000000 0.0000000 0.0000000
1.4690796 1.0559204 0.4828407 1.0000000 0.0000000 0.0000000 0.0000000
1.4692292 1.0557708 0.4825417 1.0000000 0.0000000 0.0000000 0.0000000
1.4693787 1.0556213 0.4822426 1.0000000 0.0000000 0.0000000 0.0000000
1.4695282 1.0554718 0.4819436 1.0000000 0.0000000 0.0000000 0.0000000
1.4696777 1.0553223 0.4816445 1.0000000 0.0000000 0.0000000 0.0000000
1.4698273 1.0551727 0.4813455 1.0000000 0.0000000 0.0000000 0.0000000
1.4699768 1.0550232 0.4810465 1.0000000 0.0000000 0.0000000 0.0000000
1.4701263 1.0548737 0.4807474 1.0000000 0.0000000 0.0000000 0.0000000
1.4702758 1.0547242 0.4804484 1.0000000 0.0000000 0.0000000 0.0000000
1.4704253 1.0545747 0.4801493 1.0000000 0.0000000 0.0000000 0.0000000
1.4705749 1.0544251 0.4798503 1.0000000 0.0000000 0.0000000 0.0000000
1.4707244 1.0542756 0.4795512 1.0000000 0.0000000 0.0000000 0.0000000
1.4706818 1.0552534 0.4786798 1.0000000 0.0000000 0.0000000 0.0000000
1.4703005 1.0582198 0.4767987 1.0000000 0.0000000 0.0000000 0.0000000
1.4699191 1.0611862 0.4749176 1.0000000 0.0000000 0.0000000 0.0000000
1.4695378 1.0641526 0.4730365 1.0000000 0.0000000 0.0000000 0.0000000
1.4691564 1.0671190 0.4711554 1.0000000 0.0000000 0.0000000 0.0000000
1.4687751 1.0700854 0.4692743 1.0000000 0.0000000 0.0000000 0.0000000
1.4683490 1.0733141 0.4672601 1.0000000 0.0000000 0.0000000 0.0000000
1.4678350 1.0770595 0.4649835 1.0000000 0.0000000 0.0000000 0.0000000
1.4673209 1.0808049 0.4627069 1.0000000 0.0000000 0.0000000 0.0000000
1.4668068 1.0845502 0.4604302 1.0000000 0.0000000 0.0000000 0.0000000
1.4662928 1.0882956 0.4581536 1.0000000 0.0000000 0.0000000 0.0000000
1.4657787 1.0920410 0.4558770 1.0000000 0.0000000 0.0000000 0.0000000
1.4654643 1.0953952 0.4539960 1.0000000 0.0000000 0.0000000 0.0000000
1.4655912 1.0978852 0.4529892 1.0000000 0.0000000 0.0000000 0.0000000
1.4657180 1.1003751 0.4519823 1.0000000 0.0000000 0.0000000 0.0000000
1.4658449 1.1028650 0.4509754 1.0000000 0.0000000 0.0000000 0.0000000
1.4659718 1.1053550 0.4499686 1.0000000 0.0000000 0.0000000 0.0000000
1.4660987 1.1078449 0.4489617 1.0000000 0.0000000 0.0000000 0.0000000
1.4663819 1.1100285 0.4482647 1.0000000 0.0000000 0.0000000 0.0000000
1.4670548 1.1114490 0.4483394 1.0000000 0.0000000 0.0000000 0.0000000
1.4677276 1.1128694 0.4484142 1.0000000 0.0000000 0.0000000 0.0000000
1.4684005 1.1142899 0.4484889 1.0000000 0.0000000 0.0000000 0.0000000
1.4690733 1.1157104 0.4485637 1.0000000 0.0000000 0.0000000 0.0000000
1.4697462 1.1171309 0.4486385 1.0000000 0.0000000 0.0000000 0.0000000
1.4702947 1.1180546 0.4487813 1.0000000 0.0000000 0.0000000 0.0000000
1.4704914 1.1175742 0.4491167 1.0000000 0.0000000 0.0000000 0.0000000
1.4706881 1.1170939 0.4494520 1.0000000 0.0000000 0.0000000 0.0000000
1.4708848 1.1166135 0.4497874 1.0000000 0.0000000 0.0000000 0.0000000
1.4710816 1.1161331 0.4501228 1.0000000 0.0000000 0.0000000 0.0000000
1.4712783 1.1156527 0.4504581 1.0000000 0.0000000 0.0000000 0.0000000
1.4712361 1.1142182 0.4509243 1.0000000 0.0000000 0.0000000 0.0000000
1.4704210 1.1096985 0.4518134 1.0000000 0.0000000 0.0000000 0.0000000
1.4696060 1.1051787 0.4527025 1.0000000 0.0000000 0.0000000 0.0000000
1.4687910 1.1006589 0.4535917 1.0000000 0.0000000 0.0000000 0.0000000
1.4679759 1.0961392 0.4544808 1.0000000 0.0000000 0.0000000 0.0000000
1.4671609 1.0916194 0.4553700 1.0000000 0.0000000 0.0000000 0.0000000
1.4663746 1.0872585 0.4562341 1.0000000 0.0000000 0.0000000 0.0000000
1.4656959 1.0834916 0.4570046 1.0000000 0.0000000 0.0000000 0.0000000
1.4650172 1.0797246 0.4577752 1.0000000 0.0000000 0.0000000 0.0000000
1.4643385 1.0759576 0.4585458 1.0000000 0.0000000 0.0000000 0.0000000
1.4636598 1.0721907 0.4593164 1.0000000 0.0000000 0.0000000 0.0000000
1.4629811 1.0684237 0.4600870 1.0000000 0.0000000 0.0000000 0.0000000
1.4625939 1.0662664 0.4606041 1.0000000 0.0000000 0.0000000 0.0000000
1.4634830 1.0711566 0.4600113 1.0000000 0.0000000 0.0000000 0.0000000
1.4643722 1.0760469 0.4594186 1.0000000 0.0000000 0.0000000 0.0000000
1.4652613 1.0809371 0.4588258 1.0000000 0.0000000 0.0000000 0.0000000
1.4661504 1.0858273 0.4582331 1.0000000 0.0000000 0.0000000 0.0000000
1.4670396 1.0907176 0.4576403 1.0000000 0.0000000 0.0000000 0.0000000
1.4679287 1.0956078 0.4570475 1.0000000 0.0000000 0.0000000 0.0000000
1.4688178 1.1004980 0.4564548 1.0000000 0.0000000 0.0000000 0.0000000
1.4697070 1.1053883 0.4558620 1.0000000 0.0000000 0.0000000 0.0000000
1.4705961 1.1102785 0.4552693 1.0000000 0.0000000 0.0000000 0.0000000
1.4714852 1.1151687 0.4546765 1.0000000 0.0000000 0.0000000 0.0000000
1.4723744 1.1200590 0.4540838 1.0000000 0.0000000 0.0000000 0.0000000
1.4731284 1.1241385 0.4535754 1.0000000 0.0000000 0.0000000 0.0000000
1.4730217 1.1230538 0.4536051 1.0000000 0.0000000 0.0000000 0.0000000
1.4729150 1.1219691 0.4536347 1.0000000 0.0000000 0.0000000 0.0000000
1.4728083 1.1208843 0.4536644 1.0000000 0.0000000 0.0000000 0.0000000
1.4727016 1.1197996 0.4536940 1.0000000 0.0000000 0.0000000 0.0000000
1.4725949 1.1187148 0.4537236 1.0000000 0.0000000 0.0000000 0.0000000
1.4724672 1.1175043 0.4537664 1.0000000 0.0000000 0.0000000 0.0000000
1.4721709 1.1152814 0.4539146 1.0000000 0.0000000 0.0000000 0.0000000
1.4718745 1.1130586 0.4540628 1.0000000 0.0000000 0.0000000 0.0000000
1.4715781 1.1108358 0.4542109 1.0000000 0.0000000 0.0000000 0.0000000
1.4712817 1.1086129 0.4543591 1.0000000 0.0000000 0.0000000 0.0000000
1.4709853 1.1063901 0.4545073 1.0000000 0.0000000 0.0000000 0.0000000
1.4707307 1.1044483 0.4546783 1.0000000 0.0000000 0.0000000 0.0000000
1.4709234 1.1055153 0.4550932 1.0000000 0.0000000 0.0000000 0.0000000
1.4711160 1.1065822 0.4555082 1.0000000 0.0000000 0.0000000 0.0000000
1.4713087 1.1076492 0.4559231 1.0000000 0.0000000 0.0000000 0.0000000
1.4715013 1.1087161 0.4563380 1.0000000 0.0000000 0.0000000 0.0000000
1.4716940 1.1097831 0.4567529 1.0000000 0.0000000 0.0000000 0.0000000
1.4719063 1.1109823 0.4571786 1.0000000 0.0000000 0.0000000 0.0000000
1.4724249 1.1142425 0.4577714 1.0000000 0.0000000 0.0000000 0.0000000
1.4729436 1.1175026 0.4583641 1.0000000 0.0000000 0.0000000 0.0000000
1.4734623 1.1207628 0.4589569 1.0000000 0.0000000 0.0000000 0.0000000
1.4739809 1.1240229 0.4595496 1.0000000 0.0000000 0.0000000 0.0000000
1.4744996 1.1272831 0.4601424 1.0000000 0.0000000 0.0000000 0.0000000
1.4750117 1.1305095 0.4607323 1.0000000 0.0000000 0.0000000 0.0000000
1.4753436 1.1328094 0.4612451 1.0000000 0.0000000 0.0000000 0.0000000
1.4756756 1.1351093 0.4617578 1.0000000 0.0000000 0.0000000 0.0000000
1.4760075 1.1374092 0.4622705 1.0000000 0.0000000 0.0000000 0.0000000
1.4763394 1.1397090 0.4627833 1.0000000 0.0000000 0.0000000 0.0000000
1.4766714 1.1420089 0.4632960 1.0000000 0.0000000 0.0000000 0.0000000
1.4770000 1.1442917 0.4638073 1.0000000 0.0000000 0.0000000 0.0000000
1.4770000 1.1448844 0.4641778 1.0000000 0.0000000 0.0000000 0.0000000
1.4770000 1.1454772 0.4645482 1.0000000 0.0000000 0.0000000 0.0000000
1.4770000 1.1460699 0.4649187 1.0000000 0.0000000 0.0000000 0.0000000
1.4770000 1.1466627 0.4652892 1.0000000 0.0000000 0.0000000 0.0000000
1.4770000 1.1472555 0.4656597 1.0000000 0.0000000 0.0000000 0.0000000
1.4770000 1.1478482 0.4660301 1.0000000 0.0000000 0.0000000 0.0000000
1.4769650 1.1481782 0.4663218 1.0000000 0.0000000 0.0000000 0.0000000
1.4769294 1.1485043 0.4666122 1.0000000 0.0000000 0.0000000 0.0000000
1.4768938 1.1488303 0.4669027 1.0000000 0.0000000 0.0000000 0.0000000
1.4768583 1.1491563 0.4671931 1.0000000 0.0000000 0.0000000 0.0000000
1.4768227 1.1494823 0.4674836 1.0000000 0.0000000 0.0000000 0.0000000
1.4767871 1.1498083 0.4677740 1.0000000 0.0000000 0.0000000 0.0000000
1.4765013 1.1482569 0.4675013 1.0000000 0.0000000 0.0000000 0.0000000
1.4762049 1.1466268 0.4672049 1.0000000 0.0000000 0.0000000 0.0000000
1.4759085 1.1449967 0.4669085 1.0000000 0.0000000 0.0000000 0.0000000
1.4756121 1.1433666 0.4666121 1.0000000 0.0000000 0.0000000 0.0000000
1.4753157 1.1417366 0.4663157 1.0000000 0.0000000 0.0000000 0.0000000
1.4750194 1.1401065 0.4660194 1.0000000 0.0000000 0.0000000 0.0000000
1.4747230 1.1384764 0.4657230 1.0000000 0.0000000 0.0000000 0.0000000
1.4744266 1.1368463 0.4654266 1.0000000 0.0000000 0.0000000 0.0000000
1.4741302 1.1352163 0.4651302 1.0000000 0.0000000 0.0000000 0.0000000
1.4738338 1.1335862 0.4648338 1.0000000 0.0000000 0.0000000 0.0000000
1.4735375 1.1319561 0.4645375 1.0000000 0.0000000 0.0000000 0.0000000
1.4732411 1.1303260 0.4642411 1.0000000 0.0000000 0.0000000 0.0000000
1.4728880 1.1290602 0.4640644 1.0000000 0.0000000 0.0000000 0.0000000
1.4725293 1.1278305 0.4638996 1.0000000 0.0000000 0.0000000 0.0000000
1.4721706 1.1266009 0.4637347 1.0000000 0.0000000 0.0000000 0.0000000
1.4718119 1.1253713 0.4635699 1.0000000 0.0000000 0.0000000 0.0000000
1.4714533 1.1241417 0.4634051 1.0000000 0.0000000 0.0000000 0.0000000
1.4710946 1.1229120 0.4632403 1.0000000 0.0000000 0.0000000 0.0000000
1.4707283 1.1217307 0.4630913 1.0000000 0.0000000 0.0000000 0.0000000
1.4703611 1.1205557 0.4629445 1.0000000 0.0000000 0.0000000 0.0000000
1.4699940 1.1193807 0.4627976 1.0000000 0.0000000 0.0000000 0.0000000
1.4696268 1.1182056 0.4626507 1.0000000 0.0000000 0.0000000 0.0000000
1.4692596 1.1170306 0.4625038 1.0000000 0.0000000 0.0000000 0.0000000
1.4688924 1.1158556 0.4623569 1.0000000 0.0000000 0.0000000 0.0000000
1.4684050 1.1135697 0.4628410 1.0000000 0.0000000 0.0000000 0.0000000
1.4678980 1.1111019 0.4634283 1.0000000 0.0000000 0.0000000 0.0000000
1.4673909 1.1086341 0.4640156 1.0000000 0.0000000 0.0000000 0.0000000
1.4668839 1.1061663 0.4646030 1.0000000 0.0000000 0.0000000 0.0000000
1.4663768 1.1036985 0.4651903 1.0000000 0.0000000 0.0000000 0.0000000
1.4658698 1.1012307 0.4657776 1.0000000 0.0000000 0.0000000 0.0000000
1.4652913 1.0981019 0.4667403 1.0000000 0.0000000 0.0000000 0.0000000
1.4646985 1.0948417 0.4677776 1.0000000 0.0000000 0.0000000 0.0000000
1.4641057 1.0915816 0.4688149 1.0000000 0.0000000 0.0000000 0.0000000
1.4635130 1.0883214 0.4698523 1.0000000 0.0000000 0.0000000 0.0000000
1.4629202 1.0850613 0.4708896 1.0000000 0.0000000 0.0000000 0.0000000
1.4623275 1.0818011 0.4719269 1.0000000 0.0000000 0.0000000 0.0000000
1.4616871 1.0780722 0.4728292 1.0000000 0.0000000 0.0000000 0.0000000
1.4610355 1.0742327 0.4736996 1.0000000 0.0000000 0.0000000 0.0000000
1.4603839 1.0703932 0.4745700 1.0000000 0.0000000 0.0000000 0.0000000
1.4597323 1.0665537 0.4754405 1.0000000 0.0000000 0.0000000 0.0000000
1.4590807 1.0627142 0.4763109 1.0000000 0.0000000 0.0000000 0.0000000
1.4584291 1.0588747 0.4771813 1.0000000 0.0000000 0.0000000 0.0000000
1.4577022 1.0542942 0.4778382 1.0000000 0.0000000 0.0000000 0.0000000
1.4569546 1.0495094 0.4784363 1.0000000 0.0000000 0.0000000 0.0000000
1.4562070 1.0447246 0.4790344 1.0000000 0.0000000 0.0000000 0.0000000
1.4554594 1.0399399 0.4796325 1.0000000 0.0000000 0.0000000 0.0000000
1.4547117 1.0351551 0.4802306 1.0000000 0.0000000 0.0000000 0.0000000
1.4539641 1.0303703 0.4808287 1.0000000 0.0000000 0.0000000 0.0000000
1.4532353 1.0266702 0.4811743 1.0000000 0.0000000 0.0000000 0.0000000
1.4525125 1.0233149 0.4814396 1.0000000 0.0000000 0.0000000 0.0000000
1.4517896 1.0199596 0.4817049 1.0000000 0.0000000 0.0000000 0.0000000
1.4510668 1.0166043 0.4819702 1.0000000 0.0000000 0.0000000 0.0000000
1.4503439 1.0132489 0.4822355 1.0000000 0.0000000 0.0000000 0.0000000
1.4496211 1.0098936 0.4825008 1.0000000 0.0000000 0.0000000 0.0000000
1.4489937 1.0120442 0.4814842 1.0000000 0.0000000 0.0000000 0.0000000
1.4484009 1.0161935 0.4800023 1.0000000 0.0000000 0.0000000 0.0000000
1.4478082 1.0203428 0.4785204 1.0000000 0.0000000 0.0000000 0.0000000
1.4472154 1.0244921 0.4770385 1.0000000 0.0000000 0.0000000 0.0000000
1.4466227 1.0286414 0.4755567 1.0000000 0.0000000 0.0000000 0.0000000
1.4460299 1.0327907 0.4740748 1.0000000 0.0000000 0.0000000 0.0000000
1.4454372 1.0369399 0.4725929 1.0000000 0.0000000 0.0000000 0.0000000
1.4448444 1.0410892 0.4711110 1.0000000 0.0000000 0.0000000 0.0000000
1.4442516 1.0452385 0.4696291 1.0000000 0.0000000 0.0000000 0.0000000
1.4436589 1.0493878 0.4681472 1.0000000 0.0000000 0.0000000 0.0000000
1.4430661 1.0535371 0.4666653 1.0000000 0.0000000 0.0000000 0.0000000
1.4424734 1.0576864 0.4651834 1.0000000 0.0000000 0.0000000 0.0000000
1.4419763 1.0597809 0.4644486 1.0000000 0.0000000 0.0000000 0.0000000
1.4415235 1.0609237 0.4640598 1.0000000 0.0000000 0.0000000 0.0000000
1.4410707 1.0620664 0.4636710 1.0000000 0.0000000 0.0000000 0.0000000
1.4406179 1.0632091 0.4632822 1.0000000 0.0000000 0.0000000 0.0000000
1.4401651 1.0643518 0.4628933 1.0000000 0.0000000 0.0000000 0.0000000
1.4397122 1.0654945 0.4625045 1.0000000 0.0000000 0.0000000 0.0000000
1.4392675 1.0664651 0.4621783 1.0000000 0.0000000 0.0000000 0.0000000
1.4388268 1.0673464 0.4618845 1.0000000 0.0000000 0.0000000 0.0000000
1.4383862 1.0682276 0.4615908 1.0000000 0.0000000 0.0000000 0.0000000
1.4379456 1.0691089 0.4612970 1.0000000 0.0000000 0.0000000 0.0000000
1.4375049 1.0699901 0.4610033 1.0000000 0.0000000 0.0000000 0.0000000
1.4370643 1.0708714 0.4607095 1.0000000 0.0000000 0.0000000 0.0000000
1.4366839 1.0700220 0.4606933 1.0000000 0.0000000 0.0000000 0.0000000
1.4363385 1.0681699 0.4608380 1.0000000 0.0000000 0.0000000 0.0000000
1.4359931 1.0663179 0.4609826 1.0000000 0.0000000 0.0000000 0.0000000
1.4356477 1.0644658 0.4611273 1.0000000 0.0000000 0.0000000 0.0000000
1.4353022 1.0626137 0.4612719 1.0000000 0.0000000 0.0000000 0.0000000
1.4349568 1.0607617 0.4614165 1.0000000 0.0000000 0.0000000 0.0000000
1.4346412 1.0580534 0.4616985 1.0000000 0.0000000 0.0000000 0.0000000
1.4343448 1.0547933 0.4620689 1.0000000 0.0000000 0.0000000 0.0000000
1.4340485 1.0515331 0.4624394 1.0000000 0.0000000 0.0000000 0.0000000
1.4337521 1.0482729 0.4628099 1.0000000 0.0000000 0.0000000 0.0000000
1.4334557 1.0450128 0.4631804 1.0000000 0.0000000 0.0000000 0.0000000
1.4331593 1.0417526 0.4635508 1.0000000 0.0000000 0.0000000 0.0000000
1.4329174 1.0400707 0.4636311 1.0000000 0.0000000 0.0000000 0.0000000
1.4327144 1.0395179 0.4635036 1.0000000 0.0000000 0.0000000 0.0000000
1.4325113 1.0389652 0.4633762 1.0000000 0.0000000 0.0000000 0.0000000
1.4323083 1.0384124 0.4632487 1.0000000 0.0000000 0.0000000 0.0000000
1.4321053 1.0378597 0.4631213 1.0000000 0.0000000 0.0000000 0.0000000
1.4319023 1.0373069 0.4629939 1.0000000 0.0000000 0.0000000 0.0000000
1.4317712 1.0388397 0.4624829 1.0000000 0.0000000 0.0000000 0.0000000
1.4316971 1.0420257 0.4616678 1.0000000 0.0000000 0.0000000 0.0000000
1.4316230 1.0452118 0.4608528 1.0000000 0.0000000 0.0000000 0.0000000
1.4315489 1.0483978 0.4600378 1.0000000 0.0000000 0.0000000 0.0000000
1.4314748 1.0515839 0.4592227 1.0000000 0.0000000 0.0000000 0.0000000
1.4314007 1.0547700 0.4584077 1.0000000 0.0000000 0.0000000 0.0000000
1.4312840 1.0577642 0.4576424 1.0000000 0.0000000 0.0000000 0.0000000
1.4311299 1.0605902 0.4569207 1.0000000 0.0000000 0.0000000 0.0000000
1.4309757 1.0634161 0.4561990 1.0000000 0.0000000 0.0000000 0.0000000
1.4308216 1.0662421 0.4554773 1.0000000 0.0000000 0.0000000 0.0000000
1.4306675 1.0690681 0.4547557 1.0000000 0.0000000 0.0000000 0.0000000
1.4305134 1.0718940 0.4540340 1.0000000 0.0000000 0.0000000 0.0000000
1.4301743 1.0738874 0.4535281 1.0000000 0.0000000 0.0000000 0.0000000
1.4296556 1.0750729 0.4532318 1.0000000 0.0000000 0.0000000 0.0000000
1.4291369 1.0762584 0.4529354 1.0000000 0.0000000 0.0000000 0.0000000
1.4286183 1.0774439 0.4526390 1.0000000 0.0000000 0.0000000 0.0000000
1.4280996 1.0786295 0.4523426 1.0000000 0.0000000 0.0000000 0.0000000
1.4275810 1.0798150 0.4520463 1.0000000 0.0000000 0.0000000 0.0000000
1.4270623 1.0810005 0.4517499 1.0000000 0.0000000 0.0000000 0.0000000
1.4265436 1.0821860 0.4514535 1.0000000 0.0000000 0.0000000 0.0000000
1.4260250 1.0833715 0.4511571 1.0000000 0.0000000 0.0000000 0.0000000
1.4255063 1.0845570 0.4508607 1.0000000 0.0000000 0.0000000 0.0000000
1.4249876 1.0857425 0.4505644 1.0000000 0.0000000 0.0000000 0.0000000
1.4244690 1.0869280 0.4502680 1.0000000 0.0000000 0.0000000 0.0000000
1.4242671 1.0869156 0.4501929 1.0000000 0.0000000 0.0000000 0.0000000
1.4244413 1.0854813 0.4503804 1.0000000 0.0000000 0.0000000 0.0000000
1.4246155 1.0840470 0.4505679 1.0000000 0.0000000 0.0000000 0.0000000
1.4247896 1.0826128 0.4507554 1.0000000 0.0000000 0.0000000 0.0000000
1.4249638 1.0811785 0.4509429 1.0000000 0.0000000 0.0000000 0.0000000
1.4251379 1.0797443 0.4511304 1.0000000 0.0000000 0.0000000 0.0000000
1.4253312 1.0782377 0.4513312 1.0000000 0.0000000 0.0000000 0.0000000
1.4255496 1.0766362 0.4515496 1.0000000 0.0000000 0.0000000 0.0000000
1.4257680 1.0750348 0.4517680 1.0000000 0.0000000 0.0000000 0.0000000
1.4259864 1.0734333 0.4519864 1.0000000 0.0000000 0.0000000 0.0000000
1.4262048 1.0718318 0.4522048 1.0000000 0.0000000 0.0000000 0.0000000
1.4264231 1.0702303 0.4524231 1.0000000 0.0000000 0.0000000 0.0000000
1.4265423 1.0694441 0.4525626 1.0000000 0.0000000 0.0000000 0.0000000
1.4265170 1.0698457 0.4525870 1.0000000 0.0000000 0.0000000 0.0000000
1.4264917 1.0702472 0.4526115 1.0000000 0.0000000 0.0000000 0.0000000
1.4264663 1.0706487 0.4526360 1.0000000 0.0000000 0.0000000 0.0000000
1.4264410 1.0710503 0.4526604 1.0000000 0.0000000 0.0000000 0.0000000
1.4264157 1.0714518 0.4526849 1.0000000 0.0000000 0.0000000 0.0000000
1.4263424 1.0722474 0.4526712 1.0000000 0.0000000 0.0000000 0.0000000
1.4261915 1.0736808 0.4525957 1.0000000 0.0000000 0.0000000 0.0000000
1.4260406 1.0751142 0.4525203 1.0000000 0.0000000 0.0000000 0.0000000
1.4258897 1.0765476 0.4524449 1.0000000 0.0000000 0.0000000 0.0000000
1.4257388 1.0779810 0.4523694 1.0000000 0.0000000 0.0000000 0.0000000
1.4255880 1.0794144 0.4522940 1.0000000 0.0000000 0.0000000 0.0000000
1.4254740 1.0807949 0.4522309 1.0000000 0.0000000 0.0000000 0.0000000
1.4254266 1.0820802 0.4521902 1.0000000 0.0000000 0.0000000 0.0000000
1.4253792 1.0833655 0.4521494 1.0000000 0.0000000 0.0000000 0.0000000
1.4253318 1.0846508 0.4521087 1.0000000 0.0000000 0.0000000 0.0000000
1.4252844 1.0859361 0.4520680 1.0000000 0.0000000 0.0000000 0.0000000
1.4252370 1.0872213 0.4520272 1.0000000 0.0000000 0.0000000 0.0000000
1.4252299 1.0884490 0.4520000 1.0000000 0.0000000 0.0000000 0.0000000
1.4253040 1.0895604 0.4520000 1.0000000 0.0000000 0.0000000 0.0000000
1.4253781 1.0906718 0.4520000 1.0000000 0.0000000 0.0000000 0.0000000
1.4254522 1.0917832 0.4520000 1.0000000 0.0000000 0.0000000 0.0000000
1.4255263 1.0928946 0.4520000 1.0000000 0.0000000 0.0000000 0.0000000
1.4256004 1.0940061 0.4520000 1.0000000 0.0000000 0.0000000 0.0000000
1.4256345 1.0949076 0.4520200 1.0000000 0.0000000 0.0000000 0.0000000
1.4255782 1.0953344 0.4520852 1.0000000 0.0000000 0.0000000 0.0000000
1.4255219 1.0957612 0.4521504 1.0000000 0.0000000 0.0000000 0.0000000
1.4254656 1.0961880 0.4522156 1.0000000 0.0000000 0.0000000 0.0000000
1.4254093 1.0966147 0.4522808 1.0000000 0.0000000 0.0000000 0.0000000
1.4253530 1.0970415 0.4523460 1.0000000 0.0000000 0.0000000 0.0000000
1.4251665 1.0967852 0.4524763 1.0000000 0.0000000 0.0000000 0.0000000
1.4246479 1.0947847 0.4527726 1.0000000 0.0000000 0.0000000 0.0000000
1.4241292 1.0927841 0.4530690 1.0000000 0.0000000 0.0000000 0.0000000
1.4236106 1.0907836 0.4533654 1.0000000 0.0000000 0.0000000 0.0000000
1.4230919 1.0887830 0.4536618 1.0000000 0.0000000 0.0000000 0.0000000
1.4225732 1.0867825 0.4539581 1.0000000 0.0000000 0.0000000 0.0000000
1.4220546 1.0847819 0.4542545 1.0000000 0.0000000 0.0000000 0.0000000
1.4215359 1.0827814 0.4545509 1.0000000 0.0000000 0.0000000 0.0000000
1.4210173 1.0807808 0.4548473 1.0000000 0.0000000 0.0000000 0.0000000
1.4204986 1.0787803 0.4551437 1.0000000 0.0000000 0.0000000 0.0000000
1.4199799 1.0767797 0.4554400 1.0000000 0.0000000 0.0000000 0.0000000
1.4194613 1.0747792 0.4557364 1.0000000 0.0000000 0.0000000 0.0000000
1.4191448 1.0734520 0.4559826 1.0000000 0.0000000 0.0000000 0.0000000
1.4195007 1.0743644 0.4560618 1.0000000 0.0000000 0.0000000 0.0000000
1.4198567 1.0752769 0.4561410 1.0000000 0.0000000 0.0000000 0.0000000
1.4202127 1.0761894 0.4562202 1.0000000 0.0000000 0.0000000 0.0000000
1.4205686 1.0771018 0.4562994 1.0000000 0.0000000 0.0000000 0.0000000
1.4209246 1.0780143 0.4563786 1.0000000 0.0000000 0.0000000 0.0000000
1.4212842 1.0789390 0.4564568 1.0000000 0.0000000 0.0000000 0.0000000
1.4216580 1.0799109 0.4565316 1.0000000 0.0000000 0.0000000 0.0000000
1.4220318 1.0808828 0.4566064 1.0000000 0.0000000 0.0000000 0.0000000
1.4224057 1.0818547 0.4566811 1.0000000 0.0000000 0.0000000 0.0000000
1.4227795 1.0828266 0.4567559 1.0000000 0.0000000 0.0000000 0.0000000
1.4231533 1.0837985 0.4568307 1.0000000 0.0000000 0.0000000 0.0000000
1.4234349 1.0844942 0.4569868 1.0000000 0.0000000 0.0000000 0.0000000
1.4232994 1.0839391 0.4575116 1.0000000 0.0000000 0.0000000 0.0000000
1.4231639 1.0833840 0.4580363 1.0000000 0.0000000 0.0000000 0.0000000
1.4230283 1.0828288 0.4585611 1.0000000 0.0000000 0.0000000 0.0000000
1.4228928 1.0822737 0.4590858 1.0000000 0.0000000 0.0000000 0.0000000
1.4227573 1.0817186 0.4596106 1.0000000 0.0000000 0.0000000 0.0000000
1.4225967 1.0810884 0.4601575 1.0000000 0.0000000 0.0000000 0.0000000
1.4223003 1.0800511 0.4608243 1.0000000 0.0000000 0.0000000 0.0000000
1.4220039 1.0790138 0.4614912 1.0000000 0.0000000 0.0000000 0.0000000
1.4217076 1.0779764 0.4621580 1.0000000 0.0000000 0.0000000 0.0000000
1.4214112 1.0769391 0.4628249 1.0000000 0.0000000 0.0000000 0.0000000
1.4211148 1.0759018 0.4634917 1.0000000 0.0000000 0.0000000 0.0000000
1.4208486 1.0749249 0.4641435 1.0000000 0.0000000 0.0000000 0.0000000
1.4207834 1.0743499 0.4646947 1.0000000 0.0000000 0.0000000 0.0000000
1.4207182 1.0737749 0.4652460 1.0000000 0.0000000 0.0000000 0.0000000
1.4206530 1.0732000 0.4657972 1.0000000 0.0000000 0.0000000 0.0000000
1.4205878 1.0726250 0.4663485 1.0000000 0.0000000 0.0000000 0.0000000
1.4205226 1.0720500 0.4668998 1.0000000 0.0000000 0.0000000 0.0000000
1.4204799 1.0715201 0.4674398 1.0000000 0.0000000 0.0000000 0.0000000
1.4206281 1.0713719 0.4678843 1.0000000 0.0000000 0.0000000 0.0000000
1.4207763 1.0712237 0.4683289 1.0000000 0.0000000 0.0000000 0.0000000
1.4209245 1.0710755 0.4687735 1.0000000 0.0000000 0.0000000 0.0000000
1.4210727 1.0709273 0.4692180 1.0000000 0.0000000 0.0000000 0.0000000
1.4212209 1.0707791 0.4696626 1.0000000 0.0000000 0.0000000 0.0000000
1.4213707 1.0706657 0.4701087 1.0000000 0.0000000 0.0000000 0.0000000
1.4215391 1.0709497 0.4705728 1.0000000 0.0000000 0.0000000 0.0000000
1.4217075 1.0712337 0.4710368 1.0000000 0.0000000 0.0000000 0.0000000
1.4218758 1.0715177 0.4715008 1.0000000 0.0000000 0.0000000 0.0000000
1.4220442 1.0718017 0.4719649 1.0000000 0.0000000 0.0000000 0.0000000
1.4222126 1.0720857 0.4724289 1.0000000 0.0000000 0.0000000 0.0000000
1.4223839 1.0724311 0.4728957 1.0000000 0.0000000 0.0000000 0.0000000
1.4226042 1.0738264 0.4734097 1.0000000 0.0000000 0.0000000 0.0000000
1.4228245 1.0752218 0.4739238 1.0000000 0.0000000 0.0000000 0.0000000
1.4230448 1.0766171 0.4744379 1.0000000 0.0000000 0.0000000 0.0000000
1.4232651 1.0780125 0.4749520 1.0000000 0.0000000 0.0000000 0.0000000
1.4234854 1.0794078 0.4754660 1.0000000 0.0000000 0.0000000 0.0000000
1.4237053 1.0808027 0.4759797 1.0000000 0.0000000 0.0000000 0.0000000
1.4239092 1.0821851 0.4764805 1.0000000 0.0000000 0.0000000 0.0000000
1.4241132 1.0835675 0.4769813 1.0000000 0.0000000 0.0000000 0.0000000
1.4243171 1.0849499 0.4774821 1.0000000 0.0000000 0.0000000 0.0000000
1.4245211 1.0863323 0.4779829 1.0000000 0.0000000 0.0000000 0.0000000
1.4247250 1.0877147 0.4784837 1.0000000 0.0000000 0.0000000 0.0000000
1.4249249 1.0890938 0.4789812 1.0000000 0.0000000 0.0000000 0.0000000
1.4243268 1.0898415 0.4788317 1.0000000 0.0000000 0.0000000 0.0000000
1.4237287 1.0905891 0.4786822 1.0000000 0.0000000 0.0000000 0.0000000
1.4231306 1.0913367 0.4785327 1.0000000 0.0000000 0.0000000 0.0000000
1.4225325 1.0920843 0.4783831 1.0000000 0.0000000 0.0000000 0.0000000
1.4219344 1.0928319 0.4782336 1.0000000 0.0000000 0.0000000 0.0000000
1.4213363 1.0935796 0.4780841 1.0000000 0.0000000 0.0000000 0.0000000
1.4207383 1.0943272 0.4779346 1.0000000 0.0000000 0.0000000 0.0000000
1.4201402 1.0950748 0.4777850 1.0000000 0.0000000 0.0000000 0.0000000
1.4195421 1.0958224 0.4776355 1.0000000 0.0000000 0.0000000 0.0000000
1.4189440 1.0965700 0.4774860 1.0000000 0.0000000 0.0000000 0.0000000
1.4183459 1.0973177 0.4773365 1.0000000 0.0000000 0.0000000 0.0000000
1.4177478 1.0980653 0.4771869 1.0000000 0.0000000 0.0000000 0.0000000
1.4176065 1.0975687 0.4773760 1.0000000 0.0000000 0.0000000 0.0000000
1.4174869 1.0970132 0.4775811 1.0000000 0.0000000 0.0000000 0.0000000
1.4173673 1.0964578 0.4777862 1.0000000 0.0000000 0.0000000 0.0000000
1.4172477 1.0959023 0.4779913 1.0000000 0.0000000 0.0000000 0.0000000
1.4171280 1.0953468 0.4781964 1.0000000 0.0000000 0.0000000 0.0000000
1.4170084 1.0947913 0.4784015 1.0000000 0.0000000 0.0000000 0.0000000
1.4170000 1.0939329 0.4786890 1.0000000 0.0000000 0.0000000 0.0000000
1.4170000 1.0930517 0.4789828 1.0000000 0.0000000 0.0000000 0.0000000
1.4170000 1.0921704 0.4792765 1.0000000 0.0000000 0.0000000 0.0000000
1.4170000 1.0912891 0.4795703 1.0000000 0.0000000 0.0000000 0.0000000
1.4170000 1.0904079 0.4798640 1.0000000 0.0000000 0.0000000 0.0000000
1.4170000 1.0895266 0.4801578 1.0000000 0.0000000 0.0000000 0.0000000
1.4168539 1.0890393 0.4801985 1.0000000 0.0000000 0.0000000 0.0000000
1.4166924 1.0885935 0.4802125 1.0000000 0.0000000 0.0000000 0.0000000
1.4165310 1.0881478 0.4802265 1.0000000 0.0000000 0.0000000 0.0000000
1.4163695 1.0877020 0.4802406 1.0000000 0.0000000 0.0000000 0.0000000
1.4162080 1.0872563 0.4802546 1.0000000 0.0000000 0.0000000 0.0000000
1.4160465 1.0868105 0.4802686 1.0000000 0.0000000 0.0000000 0.0000000
1.4157640 1.0866910 0.4800730 1.0000000 0.0000000 0.0000000 0.0000000
1.4154650 1.0866162 0.4798487 1.0000000 0.0000000 0.0000000 0.0000000
1.4151659 1.0865415 0.4796245 1.0000000 0.0000000 0.0000000 0.0000000
1.4148669 1.0864667 0.4794002 1.0000000 0.0000000 0.0000000 0.0000000
1.4145679 1.0863920 0.4791759 1.0000000 0.0000000 0.0000000 0.0000000
1.4142688 1.0863172 0.4789516 1.0000000 0.0000000 0.0000000 0.0000000
1.4140515 1.0871061 0.4787886 1.0000000 0.0000000 0.0000000 0.0000000
1.4138482 1.0880422 0.4786361 1.0000000 0.0000000 0.0000000 0.0000000
1.4136448 1.0889784 0.4784836 1.0000000 0.0000000 0.0000000 0.0000000
1.4134414 1.0899146 0.4783311 1.0000000 0.0000000 0.0000000 0.0000000
1.4132381 1.0908508 0.4781786 1.0000000 0.0000000 0.0000000 0.0000000
1.4130347 1.0917870 0.4780261 1.0000000 0.0000000 0.0000000 0.0000000
1.4130000 1.0945043 0.4780000 1.0000000 0.0000000 0.0000000 0.0000000
1.4130000 1.0975888 0.4780000 1.0000000 0.0000000 0.0000000 0.0000000
1.4130000 1.1006732 0.4780000 1.0000000 0.0000000 0.0000000 0.0000000
1.4130000 1.1037576 0.4780000 1.0000000 0.0000000 0.0000000 0.0000000
1.4130000 1.1068421 0.4780000 1.0000000 0.0000000 0.0000000 0.0000000
1.4130000 1.1099265 0.4780000 1.0000000 0.0000000 0.0000000 0.0000000
1.4129786 1.1127442 0.4780071 1.0000000 0.0000000 0.0000000 0.0000000
1.4129519 1.1154968 0.4780160 1.0000000 0.0000000 0.0000000 0.0000000
1.4129252 1.1182495 0.4780249 1.0000000 0.0000000 0.0000000 0.0000000
1.4128985 1.1210021 0.4780338 1.0000000 0.0000000 0.0000000 0.0000000
1.4128719 1.1237548 0.4780427 1.0000000 0.0000000 0.0000000 0.0000000
1.4128452 1.1265074 0.4780516 1.0000000 0.0000000 0.0000000 0.0000000
1.4124930 1.1252116 0.4781690 1.0000000 0.0000000 0.0000000 0.0000000
1.4120484 1.1227665 0.4783172 1.0000000 0.0000000 0.0000000 0.0000000
1.4116039 1.1203213 0.4784654 1.0000000 0.0000000 0.0000000 0.0000000
1.4111593 1.1178762 0.4786136 1.0000000 0.0000000 0.0000000 0.0000000
1.4107147 1.1154311 0.4787618 1.0000000 0.0000000 0.0000000 0.0000000
1.4102702 1.1129860 0.4789099 1.0000000 0.0000000 0.0000000 0.0000000
1.4098256 1.1105409 0.4790581 1.0000000 0.0000000 0.0000000 0.0000000
1.4093810 1.1080958 0.4792063 1.0000000 0.0000000 0.0000000 0.0000000
1.4089365 1.1056506 0.4793545 1.0000000 0.0000000 0.0000000 0.0000000
1.4084919 1.1032055 0.4795027 1.0000000 0.0000000 0.0000000 0.0000000
1.4080473 1.1007604 0.4796509 1.0000000 0.0000000 0.0000000 0.0000000
1.4076028 1.0983153 0.4797991 1.0000000 0.0000000 0.0000000 0.0000000
1.4073792 1.0970631 0.4800821 1.0000000 0.0000000 0.0000000 0.0000000
1.4072378 1.0962551 0.4804153 1.0000000 0.0000000 0.0000000 0.0000000
1.4070965 1.0954472 0.4807485 1.0000000 0.0000000 0.0000000 0.0000000
1.4069552 1.0946392 0.4810817 1.0000000 0.0000000 0.0000000 0.0000000
1.4068139 1.0938313 0.4814149 1.0000000 0.0000000 0.0000000 0.0000000
1.4066725 1.0930233 0.4817481 1.0000000 0.0000000 0.0000000 0.0000000
1.4065780 1.0924682 0.4821098 1.0000000 0.0000000 0.0000000 0.0000000
1.4065033 1.0920196 0.4824836 1.0000000 0.0000000 0.0000000 0.0000000
1.4064285 1.0915711 0.4828574 1.0000000 0.0000000 0.0000000 0.0000000
1.4063537 1.0911225 0.4832313 1.0000000 0.0000000 0.0000000 0.0000000
1.4062790 1.0906739 0.4836051 1.0000000 0.0000000 0.0000000 0.0000000
1.4062042 1.0902253 0.4839789 1.0000000 0.0000000 0.0000000 0.0000000
1.4048446 1.0914839 0.4847685 1.0000000 0.0000000 0.0000000 0.0000000
1.4028759 1.0935517 0.4857552 1.0000000 0.0000000 0.0000000 0.0000000
1.4009073 1.0956195 0.4867419 1.0000000 0.0000000 0.0000000 0.0000000
1.3989386 1.0976873 0.4877287 1.0000000 0.0000000 0.0000000 0.0000000
1.3969699 1.0997551 0.4887154 1.0000000 0.0000000 0.0000000 0.0000000
1.3950012 1.1018228 0.4897021 1.0000000 0.0000000 0.0000000 0.0000000
1.3922077 1.1049866 0.4909558 1.0000000 0.0000000 0.0000000 0.0000000
1.3889764 1.1087319 0.4923511 1.0000000 0.0000000 0.0000000 0.0000000
1.3857451 1.1124773 0.4937464 1.0000000 0.0000000 0.0000000 0.0000000
1.3825138 1.1162227 0.4951418 1.0000000 0.0000000 0.0000000 0.0000000
1.3792825 1.1199681 0.4965371 1.0000000 0.0000000 0.0000000 0.0000000
1.3760511 1.1237134 0.4979325 1.0000000 0.0000000 0.0000000 0.0000000
1.3740688 1.1261640 0.4985668 1.0000000 0.0000000 0.0000000 0.0000000
1.3728258 1.1278479 0.4987505 1.0000000 0.0000000 0.0000000 0.0000000
1.3715828 1.1295319 0.4989343 1.0000000 0.0000000 0.0000000 0.0000000
1.3703398 1.1312158 0.4991181 1.0000000 0.0000000 0.0000000 0.0000000
1.3690968 1.1328998 0.4993018 1.0000000 0.0000000 0.0000000 0.0000000
1.3678538 1.1345837 0.4994856 1.0000000 0.0000000 0.0000000 0.0000000
1.3689383 1.1338547 0.4982512 1.0000000 0.0000000 0.0000000 0.0000000
1.3715549 1.1315371 0.4960831 1.0000000 0.0000000 0.0000000 0.0000000
1.3741716 1.1292194 0.4939150 1.0000000 0.0000000 0.0000000 0.0000000
1.3767883 1.1269018 0.4917469 1.0000000 0.0000000 0.0000000 0.0000000
1.3794049 1.1245842 0.4895788 1.0000000 0.0000000 0.0000000 0.0000000
1.3820216 1.1222666 0.4874107 1.0000000 0.0000000 0.0000000 0.0000000
1.3844772 1.1202472 0.4853878 1.0000000 0.0000000 0.0000000 0.0000000
1.3868151 1.1184456 0.4834711 1.0000000 0.0000000 0.0000000 0.0000000
1.3891530 1.1166441 0.4815544 1.0000000 0.0000000 0.0000000 0.0000000
1.3914909 1.1148425 0.4796376 1.0000000 0.0000000 0.0000000 0.0000000
1.3938289 1.1130409 0.4777209 1.0000000 0.0000000 0.0000000 0.0000000
1.3961668 1.1112394 0.4758041 1.0000000 0.0000000 0.0000000 0.0000000
1.3973748 1.1115297 0.4749063 1.0000000 0.0000000 0.0000000 0.0000000
1.3976685 1.1135125 0.4748329 1.0000000 0.0000000 0.0000000 0.0000000
1.3979623 1.1154954 0.4747594 1.0000000 0.0000000 0.0000000 0.0000000
1.3982560 1.1174782 0.4746860 1.0000000 0.0000000 0.0000000 0.0000000
1.3985498 1.1194611 0.4746126 1.0000000 0.0000000 0.0000000 0.0000000
1.3988435 1.1214439 0.4745391 1.0000000 0.0000000 0.0000000 0.0000000
1.3991373 1.1234268 0.4744657 1.0000000 0.0000000 0.0000000 0.0000000
1.3994311 1.1254096 0.4743922 1.0000000 0.0000000 0.0000000 0.0000000
1.3997248 1.1273925 0.4743188 1.0000000 0.0000000 0.0000000 0.0000000
1.4000186 1.1293753 0.4742454 1.0000000 0.0000000 0.0000000 0.0000000
1.4003123 1.1313581 0.4741719 1.0000000 0.0000000 0.0000000 0.0000000
1.4006061 1.1333410 0.4740985 1.0000000 0.0000000 0.0000000 0.0000000
1.4008375 1.1337561 0.4738629 1.0000000 0.0000000 0.0000000 0.0000000
1.4010072 1.1326192 0.4734669 1.0000000 0.0000000 0.0000000 0.0000000
1.4011769 1.1314823 0.4730708 1.0000000 0.0000000 0.0000000 0.0000000
1.4013466 1.1303454 0.4726748 1.0000000 0.0000000 0.0000000 0.0000000
1.4015164 1.1292085 0.4722787 1.0000000 0.0000000 0.0000000 0.0000000
1.4016861 1.1280716 0.4718827 1.0000000 0.0000000 0.0000000 0.0000000
1.4018462 1.1266923 0.4714615 1.0000000 0.0000000 0.0000000 0.0000000
1.4019957 1.1250475 0.4710130 1.0000000 0.0000000 0.0000000 0.0000000
1.4021452 1.1234028 0.4705644 1.0000000 0.0000000 0.0000000 0.0000000
1.4022947 1.1217580 0.4701158 1.0000000 0.0000000 0.0000000 0.0000000
1.4024443 1.1201132 0.4696672 1.0000000 0.0000000 0.0000000 0.0000000
1.4025938 1.1184685 0.4692187 1.0000000 0.0000000 0.0000000 0.0000000
1.4028716 1.1181362 0.4688356 1.0000000 0.0000000 0.0000000 0.0000000
1.4033048 1.1193935 0.4685319 1.0000000 0.0000000 0.0000000 0.0000000
1.4037380 1.1206508 0.4682281 1.0000000 0.0000000 0.0000000 0.0000000
1.4041712 1.1219080 0.4679244 1.0000000 0.0000000 0.0000000 0.0000000
1.4046044 1.1231653 0.4676206 1.0000000 0.0000000 0.0000000 0.0000000
1.4050376 1.1244226 0.4673169 1.0000000 0.0000000 0.0000000 0.0000000
1.4055389 1.1263771 0.4670479 1.0000000 0.0000000 0.0000000 0.0000000
1.4061317 1.1292668 0.4668256 1.0000000 0.0000000 0.0000000 0.0000000
1.4067244 1.1321565 0.4666033 1.0000000 0.0000000 0.0000000 0.0000000
1.4073172 1.1350462 0.4663811 1.0000000 0.0000000 0.0000000 0.0000000
1.4079099 1.1379359 0.4661588 1.0000000 0.0000000 0.0000000 0.0000000
1.4085027 1.1408256 0.4659365 1.0000000 0.0000000 0.0000000 0.0000000
1.4091431 1.1432744 0.4657738 1.0000000 0.0000000 0.0000000 0.0000000
1.4098544 1.1450675 0.4656997 1.0000000 0.0000000 0.0000000 0.0000000
1.4105657 1.1468606 0.4656256 1.0000000 0.0000000 0.0000000 0.0000000
1.4112770 1.1486537 0.4655515 1.0000000 0.0000000 0.0000000 0.0000000
1.4119883 1.1504468 0.4654774 1.0000000 0.0000000 0.0000000 0.0000000
1.4126996 1.1522398 0.4654033 1.0000000 0.0000000 0.0000000 0.0000000
1.4134780 1.1534130 0.4654130 1.0000000 0.0000000 0.0000000 0.0000000
1.4143671 1.1535612 0.4655612 1.0000000 0.0000000 0.0000000 0.0000000
1.4152562 1.1537094 0.4657094 1.0000000 0.0000000 0.0000000 0.0000000
1.4161454 1.1538576 0.4658576 1.0000000 0.0000000 0.0000000 0.0000000
1.4170345 1.1540057 0.4660057 1.0000000 0.0000000 0.0000000 0.0000000
1.4179236 1.1541539 0.4661539 1.0000000 0.0000000 0.0000000 0.0000000
1.4188128 1.1543438 0.4663230 1.0000000 0.0000000 0.0000000 0.0000000
1.4197019 1.1546106 0.4665304 1.0000000 0.0000000 0.0000000 0.0000000
1.4205910 1.1548773 0.4667379 1.0000000 0.0000000 0.0000000 0.0000000
1.4214802 1.1551440 0.4669454 1.0000000 0.0000000 0.0000000 0.0000000
1.4223693 1.1554108 0.4671528 1.0000000 0.0000000 0.0000000 0.0000000
1.4232584 1.1556775 0.4673603 1.0000000 0.0000000 0.0000000 0.0000000
1.4241476 1.1561476 0.4676694 1.0000000 0.0000000 0.0000000 0.0000000
1.4250367 1.1570367 0.4681881 1.0000000 0.0000000 0.0000000 0.0000000
1.4259258 1.1579258 0.4687067 1.0000000 0.0000000 0.0000000 0.0000000
1.4268150 1.1588150 0.4692254 1.0000000 0.0000000 0.0000000 0.0000000
1.4277041 1.1597041 0.4697441 1.0000000 0.0000000 0.0000000 0.0000000
1.4285932 1.1605932 0.4702627 1.0000000 0.0000000 0.0000000 0.0000000
1.4294824 1.1614824 0.4707814 1.0000000 0.0000000 0.0000000 0.0000000
1.4303715 1.1623715 0.4713000 1.0000000 0.0000000 0.0000000 0.0000000
1.4312606 1.1632606 0.4718187 1.0000000 0.0000000 0.0000000 0.0000000
1.4321498 1.1641498 0.4723374 1.0000000 0.0000000 0.0000000 0.0000000
1.4330389 1.1650389 0.4728560 1.0000000 0.0000000 0.0000000 0.0000000
1.4339280 1.1659280 0.4733747 1.0000000 0.0000000 0.0000000 0.0000000
1.4348548 1.1665157 0.4739499 1.0000000 0.0000000 0.0000000 0.0000000
1.4358803 1.1663142 0.4746730 1.0000000 0.0000000 0.0000000 0.0000000
1.4369058 1.1661127 0.4753962 1.0000000 0.0000000 0.0000000 0.0000000
1.4379313 1.1659111 0.4761194 1.0000000 0.0000000 0.0000000 0.0000000
1.4389567 1.1657096 0.4768425 1.0000000 0.0000000 0.0000000 0.0000000
1.4399822 1.1655080 0.4775657 1.0000000 0.0000000 0.0000000 0.0000000
1.4410106 1.1652827 0.4782933 1.0000000 0.0000000 0.0000000 0.0000000
1.4420480 1.1649863 0.4790343 1.0000000 0.0000000 0.0000000 0.0000000
1.4430853 1.1646899 0.4797752 1.0000000 0.0000000 0.0000000 0.0000000
1.4441226 1.1643935 0.4805161 1.0000000 0.0000000 0.0000000 0.0000000
1.4451599 1.1640972 0.4812571 1.0000000 0.0000000 0.0000000 0.0000000
1.4461972 1.1638008 0.4819980 1.0000000 0.0000000 0.0000000 0.0000000
1.4471767 1.1634935 0.4827267 1.0000000 0.0000000 0.0000000 0.0000000
1.4479581 1.1631490 0.4834132 1.0000000 0.0000000 0.0000000 0.0000000
1.4487395 1.1628045 0.4840998 1.0000000 0.0000000 0.0000000 0.0000000
1.4495209 1.1624599 0.4847863 1.0000000 0.0000000 0.0000000 0.0000000
1.4503023 1.1621154 0.4854729 1.0000000 0.0000000 0.0000000 0.0000000
1.4510836 1.1617709 0.4861594 1.0000000 0.0000000 0.0000000 0.0000000
1.4518408 1.1614218 0.4868408 1.0000000 0.0000000 0.0000000 0.0000000
1.4525018 1.1610546 0.4875018 1.0000000 0.0000000 0.0000000 0.0000000
1.4531627 1.1606874 0.4881627 1.0000000 0.0000000 0.0000000 0.0000000
1.4538237 1.1603202 0.4888237 1.0000000 0.0000000 0.0000000 0.0000000
1.4544846 1.1599530 0.4894846 1.0000000 0.0000000 0.0000000 0.0000000
1.4551456 1.1595858 0.4901456 1.0000000 0.0000000 0.0000000 0.0000000
1.4557743 1.1589530 0.4908184 1.0000000 0.0000000 0.0000000 0.0000000
1.4562518 1.1570759 0.4915472 1.0000000 0.0000000 0.0000000 0.0000000
1.4567294 1.1551987 0.4922759 1.0000000 0.0000000 0.0000000 0.0000000
1.4572069 1.1533215 0.4930047 1.0000000 0.0000000 0.0000000 0.0000000
1.4576845 1.1514443 0.4937334 1.0000000 0.0000000 0.0000000 0.0000000
1.4581620 1.1495672 0.4944622 1.0000000 0.0000000 0.0000000 0.0000000
1.4586014 1.1473756 0.4952051 1.0000000 0.0000000 0.0000000 0.0000000
1.4588257 1.1434132 0.4960274 1.0000000 0.0000000 0.0000000 0.0000000
1.4590500 1.1394509 0.4968498 1.0000000 0.0000000 0.0000000 0.0000000
1.4592742 1.1354885 0.4976722 1.0000000 0.0000000 0.0000000 0.0000000
1.4594985 1.1315261 0.4984946 1.0000000 0.0000000 0.0000000 0.0000000
1.4597228 1.1275637 0.4993170 1.0000000 0.0000000 0.0000000 0.0000000
1.4599526 1.1238256 0.5001038 1.0000000 0.0000000 0.0000000 0.0000000
1.4602210 1.1216486 0.5006431 1.0000000 0.0000000 0.0000000 0.0000000
1.4604893 1.1194715 0.5011825 1.0000000 0.0000000 0.0000000 0.0000000
1.4607577 1.1172945 0.5017219 1.0000000 0.0000000 0.0000000 0.0000000
1.4610260 1.1151174 0.5022612 1.0000000 0.0000000 0.0000000 0.0000000
1.4612943 1.1129404 0.5028006 1.0000000 0.0000000 0.0000000 0.0000000
1.4615804 1.1114811 0.5032261 1.0000000 0.0000000 0.0000000 0.0000000
1.4620250 1.1164454 0.5026334 1.0000000 0.0000000 0.0000000 0.0000000
1.4624695 1.1214097 0.5020406 1.0000000 0.0000000 0.0000000 0.0000000
1.4629141 1.1263741 0.5014479 1.0000000 0.0000000 0.0000000 0.0000000
1.4633587 1.1313384 0.5008551 1.0000000 0.0000000 0.0000000 0.0000000
1.4638032 1.1363027 0.5002624 1.0000000 0.0000000 0.0000000 0.0000000
1.4642478 1.1412671 0.4996696 1.0000000 0.0000000 0.0000000 0.0000000
1.4646924 1.1462314 0.4990768 1.0000000 0.0000000 0.0000000 0.0000000
1.4651369 1.1511957 0.4984841 1.0000000 0.0000000 0.0000000 0.0000000
1.4655815 1.1561600 0.4978913 1.0000000 0.0000000 0.0000000 0.0000000
1.4660261 1.1611244 0.4972986 1.0000000 0.0000000 0.0000000 0.0000000
1.4664706 1.1660887 0.4967058 1.0000000 0.0000000 0.0000000 0.0000000
1.4668619 1.1703955 0.4961133 1.0000000 0.0000000 0.0000000 0.0000000
1.4662451 1.1622749 0.4955256 1.0000000 0.0000000 0.0000000 0.0000000
1.4656284 1.1541544 0.4949379 1.0000000 0.0000000 0.0000000 0.0000000
1.4650117 1.1460338 0.4943502 1.0000000 0.0000000 0.0000000 0.0000000
1.4643950 1.1379132 0.4937624 1.0000000 0.0000000 0.0000000 0.0000000
1.4637782 1.1297926 0.4931747 1.0000000 0.0000000 0.0000000 0.0000000
1.4631604 1.1216584 0.4925870 1.0000000 0.0000000 0.0000000 0.0000000
1.4624994 1.1129926 0.4919995 1.0000000 0.0000000 0.0000000 0.0000000
1.4618385 1.1043268 0.4914120 1.0000000 0.0000000 0.0000000 0.0000000
1.4611775 1.0956610 0.4908245 1.0000000 0.0000000 0.0000000 0.0000000
1.4605166 1.0869953 0.4902370 1.0000000 0.0000000 0.0000000 0.0000000
1.4598556 1.0783295 0.4896495 1.0000000 0.0000000 0.0000000 0.0000000
1.4591947 1.0696637 0.4890619 1.0000000 0.0000000 0.0000000 0.0000000
