1.4698566 -0.1835983 0.1107500 0.9978523 0.0000000 0.0000000 -0.0655035
1.4712067 -0.1836348 0.1106985 0.9978523 0.0000000 0.0000000 -0.0655035
1.4725568 -0.1836713 0.1106469 0.9978523 0.0000000 0.0000000 -0.0655035
1.4739069 -0.1837078 0.1105954 0.9978523 0.0000000 0.0000000 -0.0655035
1.4752570 -0.1837443 0.1105439 0.9978523 0.0000000 0.0000000 -0.0655035
1.4766070 -0.1837808 0.1104923 0.9978523 0.0000000 0.0000000 -0.0655035
1.4779571 -0.1838173 0.1104408 0.9978523 0.0000000 0.0000000 -0.0655035
1.4793072 -0.1838538 0.1103893 0.9978523 0.0000000 0.0000000 -0.0655035
1.4806573 -0.1838902 0.1103377 0.9978523 0.0000000 0.0000000 -0.0655035
1.4820074 -0.1839267 0.1102862 0.9978523 0.0000000 0.0000000 -0.0655035
1.4833575 -0.1839632 0.1102347 0.9978523 0.0000000 0.0000000 -0.0655035
1.4847076 -0.1839997 0.1101831 0.9978523 0.0000000 0.0000000 -0.0655035
1.4860576 -0.1840362 0.1101316 0.9978523 0.0000000 0.0000000 -0.0655035
1.4874077 -0.1840727 0.1100801 0.9978523 0.0000000 0.0000000 -0.0655035
1.4887578 -0.1841092 0.1100285 0.9978523 0.0000000 0.0000000 -0.0655035
1.4901079 -0.1841457 0.1099770 0.9978523 0.0000000 0.0000000 -0.0655035
1.4914580 -0.1841822 0.1099255 0.9978523 0.0000000 0.0000000 -0.0655035
1.4928081 -0.1842187 0.1098739 0.9978523 0.0000000 0.0000000 -0.0655035
1.4941582 -0.1842552 0.1098224 0.9978523 0.0000000 0.0000000 -0.0655035
1.4955082 -0.1842917 0.1097709 0.9978523 0.0000000 0.0000000 -0.0655035
1.4968583 -0.1843281 0.1097193 0.9978523 0.0000000 0.0000000 -0.0655035
1.4982084 -0.1843646 0.1096678 0.9978523 0.0000000 0.0000000 -0.0655035
1.4995585 -0.1844011 0.1096163 0.9978523 0.0000000 0.0000000 -0.0655035
1.5009086 -0.1844376 0.1095647 0.9978523 0.0000000 0.0000000 -0.0655035
1.5022587 -0.1844741 0.1095132 0.9978523 0.0000000 0.0000000 -0.0655035
1.5030121 -0.1845106 0.1094832 0.9978523 0.0000000 0.0000000 -0.0655035
1.5037401 -0.1845471 0.1094541 0.9978523 0.0000000 0.0000000 -0.0655035
1.5044682 -0.1845836 0.1094250 0.9978523 0.0000000 0.0000000 -0.0655035
1.5051962 -0.1846201 0.1093959 0.9978523 0.0000000 0.0000000 -0.0655035
1.5059242 -0.1846566 0.1093668 0.9978523 0.0000000 0.0000000 -0.0655035
1.5066523 -0.1846931 0.1093377 0.9978523 0.0000000 0.0000000 -0.0655035
1.5065651 -0.1847297 0.1093380 0.9978523 0.0000000 0.0000000 -0.0655035
1.5064341 -0.1847662 0.1093399 0.9978523 0.0000000 0.0000000 -0.0655035
1.5063031 -0.1848027 0.1093418 0.9978523 0.0000000 0.0000000 -0.0655035
1.5061722 -0.1848392 0.1093436 0.9978523 0.0000000 0.0000000 -0.0655035
1.5060412 -0.1848757 0.1093455 0.9978523 0.0000000 0.0000000 -0.0655035
1.5059102 -0.1849123 0.1093474 0.9978523 0.0000000 0.0000000 -0.0655035
1.5057792 -0.1849488 0.1093493 0.9978523 0.0000000 0.0000000 -0.0655035
1.5056482 -0.1849853 0.1093512 0.9978523 0.0000000 0.0000000 -0.0655035
1.5055172 -0.1850218 0.1093531 0.9978523 0.0000000 0.0000000 -0.0655035
1.5053862 -0.1850584 0.1093550 0.9978523 0.0000000 0.0000000 -0.0655035
1.5052553 -0.1850949 0.1093568 0.9978523 0.0000000 0.0000000 -0.0655035
1.5051243 -0.1851314 0.1093587 0.9978523 0.0000000 0.0000000 -0.0655035
1.5049933 -0.1851679 0.1093606 0.9978523 0.0000000 0.0000000 -0.0655035
1.5048623 -0.1852044 0.1093625 0.9978523 0.0000000 0.0000000 -0.0655035
1.5047313 -0.1852410 0.1093644 0.9978523 0.0000000 0.0000000 -0.0655035
1.5046003 -0.1852775 0.1093663 0.9978523 0.0000000 0.0000000 -0.0655035
1.5044693 -0.1853140 0.1093682 0.9978523 0.0000000 0.0000000 -0.0655035
1.5043384 -0.1853505 0.1093700 0.9978523 0.0000000 0.0000000 -0.0655035
1.5042074 -0.1853871 0.1093719 0.9978523 0.0000000 0.0000000 -0.0655035
1.5040764 -0.1854236 0.1093738 0.9978523 0.0000000 0.0000000 -0.0655035
1.5039454 -0.1854601 0.1093757 0.9978523 0.0000000 0.0000000 -0.0655035
1.5038144 -0.1854966 0.1093776 0.9978523 0.0000000 0.0000000 -0.0655035
1.5036834 -0.1855331 0.1093795 0.9978523 0.0000000 0.0000000 -0.0655035
1.5035525 -0.1855697 0.1093814 0.9978523 0.0000000 0.0000000 -0.0655035
1.5034215 -0.1856062 0.1093832 0.9978523 0.0000000 0.0000000 -0.0655035
1.5032905 -0.1856427 0.1093851 0.9978523 0.0000000 0.0000000 -0.0655035
1.5031595 -0.1856792 0.1093870 0.9978523 0.0000000 0.0000000 -0.0655035
1.5030285 -0.1857157 0.1093889 0.9978523 0.0000000 0.0000000 -0.0655035
1.5028975 -0.1857523 0.1093908 0.9978523 0.0000000 0.0000000 -0.0655035
1.5027665 -0.1857888 0.1093927 0.9978523 0.0000000 0.0000000 -0.0655035
1.5024708 -0.1858275 0.1093967 0.9978523 0.0000000 0.0000000 -0.0655035
1.5021563 -0.1858664 0.1094009 0.9978523 0.0000000 0.0000000 -0.0655035
1.5018418 -0.1859053 0.1094052 0.9978523 0.0000000 0.0000000 -0.0655035
1.5015273 -0.1859443 0.1094095 0.9978523 0.0000000 0.0000000 -0.0655035
1.5012128 -0.1859832 0.1094137 0.9978523 0.0000000 0.0000000 -0.0655035
1.5008983 -0.1860221 0.1094180 0.9978523 0.0000000 0.0000000 -0.0655035
1.5003588 -0.1860640 0.1094252 0.9978523 0.0000000 0.0000000 -0.0655035
1.4997909 -0.1861063 0.1094327 0.9978523 0.0000000 0.0000000 -0.0655035
1.4992229 -0.1861485 0.1094402 0.9978523 0.0000000 0.0000000 -0.0655035
1.4986550 -0.1861908 0.1094478 0.9978523 0.0000000 0.0000000 -0.0655035
1.4980871 -0.1862331 0.1094553 0.9978523 0.0000000 0.0000000 -0.0655035
1.4975192 -0.1862753 0.1094629 0.9978523 0.0000000 0.0000000 -0.0655035
1.4969512 -0.1863176 0.1094704 0.9978523 0.0000000 0.0000000 -0.0655035
1.4963833 -0.1863598 0.1094780 0.9978523 0.0000000 0.0000000 -0.0655035
1.4958154 -0.1864021 0.1094855 0.9978523 0.0000000 0.0000000 -0.0655035
1.4952475 -0.1864443 0.1094930 0.9978523 0.0000000 0.0000000 -0.0655035
1.4946795 -0.1864866 0.1095006 0.9978523 0.0000000 0.0000000 -0.0655035
1.4941116 -0.1865289 0.1095081 0.9978523 0.0000000 0.0000000 -0.0655035
1.4935437 -0.1865711 0.1095157 0.9978523 0.0000000 0.0000000 -0.0655035
1.4929758 -0.1866134 0.1095232 0.9978523 0.0000000 0.0000000 -0.0655035
1.4924078 -0.1866556 0.1095307 0.9978523 0.0000000 0.0000000 -0.0655035
1.4918399 -0.1866979 0.1095383 0.9978523 0.0000000 0.0000000 -0.0655035
1.4912720 -0.1867402 0.1095458 0.9978523 0.0000000 0.0000000 -0.0655035
1.4907041 -0.1867824 0.1095534 0.9978523 0.0000000 0.0000000 -0.0655035
1.4901361 -0.1868247 0.1095609 0.9978523 0.0000000 0.0000000 -0.0655035
1.4895682 -0.1868669 0.1095685 0.9978523 0.0000000 0.0000000 -0.0655035
1.4890003 -0.1869092 0.1095760 0.9978523 0.0000000 0.0000000 -0.0655035
1.4884324 -0.1869514 0.1095835 0.9978523 0.0000000 0.0000000 -0.0655035
1.4878644 -0.1869937 0.1095911 0.9978523 0.0000000 0.0000000 -0.0655035
1.4872965 -0.1870360 0.1095986 0.9978523 0.0000000 0.0000000 -0.0655035
1.4867286 -0.1870782 0.1096062 0.9978523 0.0000000 0.0000000 -0.0655035
1.4861607 -0.1871205 0.1096137 0.9978523 0.0000000 0.0000000 -0.0655035
1.4855927 -0.1871627 0.1096212 0.9978523 0.0000000 0.0000000 -0.0655035
1.4850248 -0.1872050 0.1096288 0.9978523 0.0000000 0.0000000 -0.0655035
1.4844569 -0.1872473 0.1096363 0.9978523 0.0000000 0.0000000 -0.0655035
1.4838890 -0.1872895 0.1096439 0.9978523 0.0000000 0.0000000 -0.0655035
1.4833282 -0.1873304 0.1096507 0.9978523 0.0000000 0.0000000 -0.0655035
1.4827687 -0.1873709 0.1096575 0.9978523 0.0000000 0.0000000 -0.0655035
1.4822093 -0.1874115 0.1096642 0.9978523 0.0000000 0.0000000 -0.0655035
1.4816499 -0.1874520 0.1096710 0.9978523 0.0000000 0.0000000 -0.0655035
1.4810905 -0.1874926 0.1096777 0.9978523 0.0000000 0.0000000 -0.0655035
1.4805311 -0.1875331 0.1096845 0.9978523 0.0000000 0.0000000 -0.0655035
1.4799814 -0.1875718 0.1096903 0.9978523 0.0000000 0.0000000 -0.0655035
1.4794337 -0.1876100 0.1096960 0.9978523 0.0000000 0.0000000 -0.0655035
1.4788861 -0.1876482 0.1097017 0.9978523 0.0000000 0.0000000 -0.0655035
1.4783384 -0.1876864 0.1097073 0.9978523 0.0000000 0.0000000 -0.0655035
1.4777907 -0.1877246 0.1097130 0.9978523 0.0000000 0.0000000 -0.0655035
1.4772431 -0.1877628 0.1097186 0.9978523 0.0000000 0.0000000 -0.0655035
1.4766954 -0.1878011 0.1097243 0.9978523 0.0000000 0.0000000 -0.0655035
1.4761477 -0.1878393 0.1097299 0.9978523 0.0000000 0.0000000 -0.0655035
1.4756001 -0.1878775 0.1097356 0.9978523 0.0000000 0.0000000 -0.0655035
1.4750524 -0.1879157 0.1097412 0.9978523 0.0000000 0.0000000 -0.0655035
1.4745047 -0.1879539 0.1097469 0.9978523 0.0000000 0.0000000 -0.0655035
1.4739571 -0.1879921 0.1097526 0.9978523 0.0000000 0.0000000 -0.0655035
1.4734094 -0.1880303 0.1097582 0.9978523 0.0000000 0.0000000 -0.0655035
1.4728618 -0.1880685 0.1097639 0.9978523 0.0000000 0.0000000 -0.0655035
1.4723141 -0.1881068 0.1097695 0.9978523 0.0000000 0.0000000 -0.0655035
1.4717664 -0.1881450 0.1097752 0.9978523 0.0000000 0.0000000 -0.0655035
1.4712188 -0.1881832 0.1097808 0.9978523 0.0000000 0.0000000 -0.0655035
1.4706711 -0.1882214 0.1097865 0.9978523 0.0000000 0.0000000 -0.0655035
1.4701234 -0.1882596 0.1097922 0.9978523 0.0000000 0.0000000 -0.0655035
1.4695758 -0.1882978 0.1097978 0.9978523 0.0000000 0.0000000 -0.0655035
1.4690281 -0.1883360 0.1098035 0.9978523 0.0000000 0.0000000 -0.0655035
1.4684804 -0.1883743 0.1098091 0.9978523 0.0000000 0.0000000 -0.0655035
1.4679328 -0.1884125 0.1098148 0.9978523 0.0000000 0.0000000 -0.0655035
1.4673851 -0.1884507 0.1098204 0.9978523 0.0000000 0.0000000 -0.0655035
1.4668374 -0.1884889 0.1098261 0.9978523 0.0000000 0.0000000 -0.0655035
1.4662898 -0.1885271 0.1098317 0.9978523 0.0000000 0.0000000 -0.0655035
1.4657421 -0.1885653 0.1098374 0.9978523 0.0000000 0.0000000 -0.0655035
1.4651945 -0.1886035 0.1098431 0.9978523 0.0000000 0.0000000 -0.0655035
1.4646468 -0.1886418 0.1098487 0.9978523 0.0000000 0.0000000 -0.0655035
1.4640991 -0.1886800 0.1098544 0.9978523 0.0000000 0.0000000 -0.0655035
1.4635798 -0.1887126 0.1098594 0.9978523 0.0000000 0.0000000 -0.0655035
1.4630688 -0.1887436 0.1098643 0.9978523 0.0000000 0.0000000 -0.0655035
1.4625577 -0.1887746 0.1098691 0.9978523 0.0000000 0.0000000 -0.0655035
1.4620466 -0.1888056 0.1098740 0.9978523 0.0000000 0.0000000 -0.0655035
1.4615355 -0.1888366 0.1098789 0.9978523 0.0000000 0.0000000 -0.0655035
1.4610244 -0.1888676 0.1098837 0.9978523 0.0000000 0.0000000 -0.0655035
1.4605520 -0.1888910 0.1098878 0.9978523 0.0000000 0.0000000 -0.0655035
1.4600915 -0.1889121 0.1098915 0.9978523 0.0000000 0.0000000 -0.0655035
1.4596309 -0.1889332 0.1098953 0.9978523 0.0000000 0.0000000 -0.0655035
1.4591703 -0.1889542 0.1098991 0.9978523 0.0000000 0.0000000 -0.0655035
1.4587098 -0.1889753 0.1099028 0.9978523 0.0000000 0.0000000 -0.0655035
1.4582492 -0.1889963 0.1099066 0.9978523 0.0000000 0.0000000 -0.0655035
1.4577887 -0.1890174 0.1099104 0.9978523 0.0000000 0.0000000 -0.0655035
1.4573281 -0.1890385 0.1099142 0.9978523 0.0000000 0.0000000 -0.0655035
1.4568675 -0.1890595 0.1099179 0.9978523 0.0000000 0.0000000 -0.0655035
1.4564070 -0.1890806 0.1099217 0.9978523 0.0000000 0.0000000 -0.0655035
1.4559464 -0.1891016 0.1099255 0.9978523 0.0000000 0.0000000 -0.0655035
1.4554859 -0.1891227 0.1099292 0.9978523 0.0000000 0.0000000 -0.0655035
1.4550253 -0.1891438 0.1099330 0.9978523 0.0000000 0.0000000 -0.0655035
1.4545647 -0.1891648 0.1099368 0.9978523 0.0000000 0.0000000 -0.0655035
1.4541042 -0.1891859 0.1099405 0.9978523 0.0000000 0.0000000 -0.0655035
1.4536436 -0.1892069 0.1099443 0.9978523 0.0000000 0.0000000 -0.0655035
1.4531831 -0.1892280 0.1099481 0.9978523 0.0000000 0.0000000 -0.0655035
1.4527225 -0.1892491 0.1099519 0.9978523 0.0000000 0.0000000 -0.0655035
1.4522619 -0.1892701 0.1099556 0.9978523 0.0000000 0.0000000 -0.0655035
1.4518014 -0.1892912 0.1099594 0.9978523 0.0000000 0.0000000 -0.0655035
1.4513408 -0.1893122 0.1099632 0.9978523 0.0000000 0.0000000 -0.0655035
1.4508803 -0.1893333 0.1099669 0.9978523 0.0000000 0.0000000 -0.0655035
1.4504197 -0.1893544 0.1099707 0.9978523 0.0000000 0.0000000 -0.0655035
1.4499591 -0.1893754 0.1099745 0.9978523 0.0000000 0.0000000 -0.0655035
1.4494986 -0.1893965 0.1099783 0.9978523 0.0000000 0.0000000 -0.0655035
1.4490380 -0.1894175 0.1099820 0.9978523 0.0000000 0.0000000 -0.0655035
1.4485775 -0.1894386 0.1099858 0.9978523 0.0000000 0.0000000 -0.0655035
1.4481169 -0.1894597 0.1099896 0.9978523 0.0000000 0.0000000 -0.0655035
1.4476563 -0.1894807 0.1099933 0.9978523 0.0000000 0.0000000 -0.0655035
1.4471958 -0.1895018 0.1099971 0.9978523 0.0000000 0.0000000 -0.0655035
1.4467741 -0.1895236 0.1100003 0.9978523 0.0000000 0.0000000 -0.0655035
1.4463679 -0.1895458 0.1100033 0.9978523 0.0000000 0.0000000 -0.0655035
1.4459617 -0.1895679 0.1100063 0.9978523 0.0000000 0.0000000 -0.0655035
1.4455555 -0.1895901 0.1100093 0.9978523 0.0000000 0.0000000 -0.0655035
1.4451493 -0.1896122 0.1100122 0.9978523 0.0000000 0.0000000 -0.0655035
1.4447432 -0.1896344 0.1100152 0.9978523 0.0000000 0.0000000 -0.0655035
1.4443899 -0.1896576 0.1100174 0.9978523 0.0000000 0.0000000 -0.0655035
1.4440588 -0.1896813 0.1100193 0.9978523 0.0000000 0.0000000 -0.0655035
1.4437277 -0.1897049 0.1100212 0.9978523 0.0000000 0.0000000 -0.0655035
1.4433966 -0.1897286 0.1100231 0.9978523 0.0000000 0.0000000 -0.0655035
1.4430655 -0.1897523 0.1100250 0.9978523 0.0000000 0.0000000 -0.0655035
1.4427344 -0.1897759 0.1100268 0.9978523 0.0000000 0.0000000 -0.0655035
1.4424034 -0.1897996 0.1100287 0.9978523 0.0000000 0.0000000 -0.0655035
1.4420723 -0.1898233 0.1100306 0.9978523 0.0000000 0.0000000 -0.0655035
1.4417412 -0.1898469 0.1100325 0.9978523 0.0000000 0.0000000 -0.0655035
1.4414101 -0.1898706 0.1100344 0.9978523 0.0000000 0.0000000 -0.0655035
1.4410790 -0.1898943 0.1100363 0.9978523 0.0000000 0.0000000 -0.0655035
1.4407479 -0.1899179 0.1100382 0.9978523 0.0000000 0.0000000 -0.0655035
1.4404169 -0.1899416 0.1100400 0.9978523 0.0000000 0.0000000 -0.0655035
1.4400858 -0.1899653 0.1100419 0.9978523 0.0000000 0.0000000 -0.0655035
1.4397547 -0.1899889 0.1100438 0.9978523 0.0000000 0.0000000 -0.0655035
1.4394236 -0.1900126 0.1100457 0.9978523 0.0000000 0.0000000 -0.0655035
1.4390925 -0.1900363 0.1100476 0.9978523 0.0000000 0.0000000 -0.0655035
1.4387615 -0.1900599 0.1100495 0.9978523 0.0000000 0.0000000 -0.0655035
1.4384304 -0.1900836 0.1100514 0.9978523 0.0000000 0.0000000 -0.0655035
1.4380993 -0.1901073 0.1100532 0.9978523 0.0000000 0.0000000 -0.0655035
1.4377682 -0.1901309 0.1100551 0.9978523 0.0000000 0.0000000 -0.0655035
1.4374371 -0.1901546 0.1100570 0.9978523 0.0000000 0.0000000 -0.0655035
1.4371060 -0.1901783 0.1100589 0.9978523 0.0000000 0.0000000 -0.0655035
1.4367750 -0.1902019 0.1100608 0.9978523 0.0000000 0.0000000 -0.0655035
1.4364439 -0.1902256 0.1100627 0.9978523 0.0000000 0.0000000 -0.0655035
1.4361128 -0.1902493 0.1100646 0.9978523 0.0000000 0.0000000 -0.0655035
1.4357817 -0.1902729 0.1100664 0.9978523 0.0000000 0.0000000 -0.0655035
1.4354506 -0.1902966 0.1100683 0.9978523 0.0000000 0.0000000 -0.0655035
1.4351196 -0.1903203 0.1100702 0.9978523 0.0000000 0.0000000 -0.0655035
1.4347885 -0.1903439 0.1100721 0.9978523 0.0000000 0.0000000 -0.0655035
1.4344862 -0.1903634 0.1100733 0.9978523 0.0000000 0.0000000 -0.0655035
1.4341993 -0.1903807 0.1100741 0.9978523 0.0000000 0.0000000 -0.0655035
1.4339124 -0.1903979 0.1100749 0.9978523 0.0000000 0.0000000 -0.0655035
1.4336255 -0.1904152 0.1100758 0.9978523 0.0000000 0.0000000 -0.0655035
1.4333386 -0.1904324 0.1100766 0.9978523 0.0000000 0.0000000 -0.0655035
1.4330517 -0.1904497 0.1100774 0.9978523 0.0000000 0.0000000 -0.0655035
1.4328041 -0.1904613 0.1100773 0.9978523 0.0000000 0.0000000 -0.0655035
1.4325782 -0.1904697 0.1100767 0.9978523 0.0000000 0.0000000 -0.0655035
1.4323523 -0.1904781 0.1100761 0.9978523 0.0000000 0.0000000 -0.0655035
1.4321264 -0.1904865 0.1100754 0.9978523 0.0000000 0.0000000 -0.0655035
1.4319005 -0.1904949 0.1100748 0.9978523 0.0000000 0.0000000 -0.0655035
1.4316746 -0.1905033 0.1100742 0.9978523 0.0000000 0.0000000 -0.0655035
1.4314487 -0.1905117 0.1100736 0.9978523 0.0000000 0.0000000 -0.0655035
1.4312228 -0.1905201 0.1100729 0.9978523 0.0000000 0.0000000 -0.0655035
1.4309970 -0.1905285 0.1100723 0.9978523 0.0000000 0.0000000 -0.0655035
1.4307711 -0.1905369 0.1100717 0.9978523 0.0000000 0.0000000 -0.0655035
1.4305452 -0.1905453 0.1100710 0.9978523 0.0000000 0.0000000 -0.0655035
1.4303193 -0.1905538 0.1100704 0.9978523 0.0000000 0.0000000 -0.0655035
1.4300934 -0.1905622 0.1100698 0.9978523 0.0000000 0.0000000 -0.0655035
1.4298675 -0.1905706 0.1100692 0.9978523 0.0000000 0.0000000 -0.0655035
1.4296416 -0.1905790 0.1100685 0.9978523 0.0000000 0.0000000 -0.0655035
1.4294157 -0.1905874 0.1100679 0.9978523 0.0000000 0.0000000 -0.0655035
1.4291898 -0.1905958 0.1100673 0.9978523 0.0000000 0.0000000 -0.0655035
1.4289640 -0.1906042 0.1100666 0.9978523 0.0000000 0.0000000 -0.0655035
1.4287381 -0.1906126 0.1100660 0.9978523 0.0000000 0.0000000 -0.0655035
1.4285122 -0.1906210 0.1100654 0.9978523 0.0000000 0.0000000 -0.0655035
1.4282863 -0.1906294 0.1100648 0.9978523 0.0000000 0.0000000 -0.0655035
1.4280604 -0.1906378 0.1100641 0.9978523 0.0000000 0.0000000 -0.0655035
1.4278345 -0.1906462 0.1100635 0.9978523 0.0000000 0.0000000 -0.0655035
1.4276086 -0.1906547 0.1100629 0.9978523 0.0000000 0.0000000 -0.0655035
1.4273827 -0.1906631 0.1100622 0.9978523 0.0000000 0.0000000 -0.0655035
1.4271569 -0.1906715 0.1100616 0.9978523 0.0000000 0.0000000 -0.0655035
1.4269310 -0.1906799 0.1100610 0.9978523 0.0000000 0.0000000 -0.0655035
1.4267051 -0.1906883 0.1100604 0.9978523 0.0000000 0.0000000 -0.0655035
1.4264792 -0.1906967 0.1100597 0.9978523 0.0000000 0.0000000 -0.0655035
1.4262533 -0.1907051 0.1100591 0.9978523 0.0000000 0.0000000 -0.0655035
1.4260531 -0.1907122 0.1100591 0.9978523 0.0000000 0.0000000 -0.0655035
1.4258706 -0.1907184 0.1100595 0.9978523 0.0000000 0.0000000 -0.0655035
1.4256881 -0.1907246 0.1100600 0.9978523 0.0000000 0.0000000 -0.0655035
1.4255057 -0.1907308 0.1100604 0.9978523 0.0000000 0.0000000 -0.0655035
1.4253232 -0.1907370 0.1100608 0.9978523 0.0000000 0.0000000 -0.0655035
1.4251407 -0.1907431 0.1100612 0.9978523 0.0000000 0.0000000 -0.0655035
1.4249931 -0.1907476 0.1100625 0.9978523 0.0000000 0.0000000 -0.0655035
1.4248705 -0.1907507 0.1100644 0.9978523 0.0000000 0.0000000 -0.0655035
1.4247480 -0.1907538 0.1100663 0.9978523 0.0000000 0.0000000 -0.0655035
1.4246254 -0.1907569 0.1100682 0.9978523 0.0000000 0.0000000 -0.0655035
1.4245029 -0.1907601 0.1100701 0.9978523 0.0000000 0.0000000 -0.0655035
1.4243803 -0.1907632 0.1100719 0.9978523 0.0000000 0.0000000 -0.0655035
1.4242578 -0.1907663 0.1100738 0.9978523 0.0000000 0.0000000 -0.0655035
1.4241353 -0.1907694 0.1100757 0.9978523 0.0000000 0.0000000 -0.0655035
1.4240127 -0.1907726 0.1100776 0.9978523 0.0000000 0.0000000 -0.0655035
1.4238902 -0.1907757 0.1100795 0.9978523 0.0000000 0.0000000 -0.0655035
1.4237676 -0.1907788 0.1100814 0.9978523 0.0000000 0.0000000 -0.0655035
1.4236451 -0.1907820 0.1100833 0.9978523 0.0000000 0.0000000 -0.0655035
1.4235225 -0.1907851 0.1100851 0.9978523 0.0000000 0.0000000 -0.0655035
1.4234000 -0.1907882 0.1100870 0.9978523 0.0000000 0.0000000 -0.0655035
1.4232775 -0.1907913 0.1100889 0.9978523 0.0000000 0.0000000 -0.0655035
1.4231549 -0.1907945 0.1100908 0.9978523 0.0000000 0.0000000 -0.0655035
1.4230324 -0.1907976 0.1100927 0.9978523 0.0000000 0.0000000 -0.0655035
1.4229098 -0.1908007 0.1100946 0.9978523 0.0000000 0.0000000 -0.0655035
1.4227873 -0.1908039 0.1100964 0.9978523 0.0000000 0.0000000 -0.0655035
1.4226647 -0.1908070 0.1100983 0.9978523 0.0000000 0.0000000 -0.0655035
1.4225422 -0.1908101 0.1101002 0.9978523 0.0000000 0.0000000 -0.0655035
1.4224197 -0.1908132 0.1101021 0.9978523 0.0000000 0.0000000 -0.0655035
1.4222971 -0.1908164 0.1101040 0.9978523 0.0000000 0.0000000 -0.0655035
1.4221746 -0.1908195 0.1101059 0.9978523 0.0000000 0.0000000 -0.0655035
1.4220520 -0.1908226 0.1101078 0.9978523 0.0000000 0.0000000 -0.0655035
1.4219295 -0.1908257 0.1101096 0.9978523 0.0000000 0.0000000 -0.0655035
1.4218069 -0.1908289 0.1101115 0.9978523 0.0000000 0.0000000 -0.0655035
1.4216844 -0.1908320 0.1101134 0.9978523 0.0000000 0.0000000 -0.0655035
1.4215619 -0.1908351 0.1101153 0.9978523 0.0000000 0.0000000 -0.0655035
1.4214393 -0.1908383 0.1101172 0.9978523 0.0000000 0.0000000 -0.0655035
1.4213266 -0.1908448 0.1101189 0.9978523 0.0000000 0.0000000 -0.0655035
1.4212225 -0.1908543 0.1101206 0.9978523 0.0000000 0.0000000 -0.0655035
1.4211184 -0.1908638 0.1101222 0.9978523 0.0000000 0.0000000 -0.0655035
1.4210143 -0.1908733 0.1101238 0.9978523 0.0000000 0.0000000 -0.0655035
1.4209102 -0.1908828 0.1101254 0.9978523 0.0000000 0.0000000 -0.0655035
1.4208061 -0.1908923 0.1101270 0.9978523 0.0000000 0.0000000 -0.0655035
1.4207153 -0.1909064 0.1101285 0.9978523 0.0000000 0.0000000 -0.0655035
1.4206367 -0.1909247 0.1101297 0.9978523 0.0000000 0.0000000 -0.0655035
1.4205581 -0.1909430 0.1101310 0.9978523 0.0000000 0.0000000 -0.0655035
1.4204794 -0.1909613 0.1101322 0.9978523 0.0000000 0.0000000 -0.0655035
1.4204008 -0.1909796 0.1101335 0.9978523 0.0000000 0.0000000 -0.0655035
1.4203222 -0.1909979 0.1101348 0.9978523 0.0000000 0.0000000 -0.0655035
1.4202436 -0.1910162 0.1101360 0.9978523 0.0000000 0.0000000 -0.0655035
1.4201650 -0.1910345 0.1101373 0.9978523 0.0000000 0.0000000 -0.0655035
1.4200864 -0.1910528 0.1101385 0.9978523 0.0000000 0.0000000 -0.0655035
1.4200078 -0.1910711 0.1101398 0.9978523 0.0000000 0.0000000 -0.0655035
1.4199292 -0.1910894 0.1101410 0.9978523 0.0000000 0.0000000 -0.0655035
1.4198506 -0.1911077 0.1101423 0.9978523 0.0000000 0.0000000 -0.0655035
1.4197720 -0.1911260 0.1101436 0.9978523 0.0000000 0.0000000 -0.0655035
1.4196933 -0.1911443 0.1101448 0.9978523 0.0000000 0.0000000 -0.0655035
1.4196147 -0.1911626 0.1101461 0.9978523 0.0000000 0.0000000 -0.0655035
1.4195361 -0.1911809 0.1101473 0.9978523 0.0000000 0.0000000 -0.0655035
1.4194575 -0.1911992 0.1101486 0.9978523 0.0000000 0.0000000 -0.0655035
1.4193789 -0.1912175 0.1101498 0.9978523 0.0000000 0.0000000 -0.0655035
1.4193003 -0.1912358 0.1101511 0.9978523 0.0000000 0.0000000 -0.0655035
1.4192217 -0.1912541 0.1101524 0.9978523 0.0000000 0.0000000 -0.0655035
1.4191431 -0.1912724 0.1101536 0.9978523 0.0000000 0.0000000 -0.0655035
1.4190645 -0.1912907 0.1101549 0.9978523 0.0000000 0.0000000 -0.0655035
1.4189859 -0.1913090 0.1101561 0.9978523 0.0000000 0.0000000 -0.0655035
1.4189073 -0.1913273 0.1101574 0.9978523 0.0000000 0.0000000 -0.0655035
1.4188286 -0.1913456 0.1101586 0.9978523 0.0000000 0.0000000 -0.0655035
1.4187500 -0.1913639 0.1101599 0.9978523 0.0000000 0.0000000 -0.0655035
1.4186714 -0.1913822 0.1101612 0.9978523 0.0000000 0.0000000 -0.0655035
1.4185928 -0.1914005 0.1101624 0.9978523 0.0000000 0.0000000 -0.0655035
1.4185142 -0.1914188 0.1101637 0.9978523 0.0000000 0.0000000 -0.0655035
1.4184356 -0.1914371 0.1101649 0.9978523 0.0000000 0.0000000 -0.0655035
1.4183569 -0.1914539 0.1101664 0.9978523 0.0000000 0.0000000 -0.0655035
1.4182780 -0.1914691 0.1101682 0.9978523 0.0000000 0.0000000 -0.0655035
1.4181991 -0.1914843 0.1101700 0.9978523 0.0000000 0.0000000 -0.0655035
1.4181203 -0.1914995 0.1101718 0.9978523 0.0000000 0.0000000 -0.0655035
1.4180414 -0.1915146 0.1101736 0.9978523 0.0000000 0.0000000 -0.0655035
1.4179626 -0.1915298 0.1101754 0.9978523 0.0000000 0.0000000 -0.0655035
1.4178835 -0.1915430 0.1101775 0.9978523 0.0000000 0.0000000 -0.0655035
1.4178043 -0.1915538 0.1101800 0.9978523 0.0000000 0.0000000 -0.0655035
1.4177251 -0.1915647 0.1101825 0.9978523 0.0000000 0.0000000 -0.0655035
1.4176459 -0.1915755 0.1101850 0.9978523 0.0000000 0.0000000 -0.0655035
1.4175667 -0.1915863 0.1101875 0.9978523 0.0000000 0.0000000 -0.0655035
1.4174875 -0.1915972 0.1101900 0.9978523 0.0000000 0.0000000 -0.0655035
1.4174083 -0.1916080 0.1101926 0.9978523 0.0000000 0.0000000 -0.0655035
1.4173291 -0.1916189 0.1101951 0.9978523 0.0000000 0.0000000 -0.0655035
1.4172499 -0.1916297 0.1101976 0.9978523 0.0000000 0.0000000 -0.0655035
1.4171707 -0.1916405 0.1102001 0.9978523 0.0000000 0.0000000 -0.0655035
1.4170914 -0.1916514 0.1102026 0.9978523 0.0000000 0.0000000 -0.0655035
1.4170122 -0.1916622 0.1102051 0.9978523 0.0000000 0.0000000 -0.0655035
1.4169330 -0.1916731 0.1102076 0.9978523 0.0000000 0.0000000 -0.0655035
1.4168538 -0.1916839 0.1102102 0.9978523 0.0000000 0.0000000 -0.0655035
1.4167746 -0.1916948 0.1102127 0.9978523 0.0000000 0.0000000 -0.0655035
1.4166954 -0.1917056 0.1102152 0.9978523 0.0000000 0.0000000 -0.0655035
1.4166162 -0.1917164 0.1102177 0.9978523 0.0000000 0.0000000 -0.0655035
1.4165370 -0.1917273 0.1102202 0.9978523 0.0000000 0.0000000 -0.0655035
1.4164578 -0.1917381 0.1102227 0.9978523 0.0000000 0.0000000 -0.0655035
1.4163786 -0.1917490 0.1102252 0.9978523 0.0000000 0.0000000 -0.0655035
1.4162994 -0.1917598 0.1102277 0.9978523 0.0000000 0.0000000 -0.0655035
1.4162201 -0.1917706 0.1102303 0.9978523 0.0000000 0.0000000 -0.0655035
1.4161409 -0.1917815 0.1102328 0.9978523 0.0000000 0.0000000 -0.0655035
1.4160617 -0.1917923 0.1102353 0.9978523 0.0000000 0.0000000 -0.0655035
1.4159825 -0.1918032 0.1102378 0.9978523 0.0000000 0.0000000 -0.0655035
1.4159033 -0.1918140 0.1102403 0.9978523 0.0000000 0.0000000 -0.0655035
1.4158241 -0.1918248 0.1102428 0.9978523 0.0000000 0.0000000 -0.0655035
1.4157449 -0.1918357 0.1102453 0.9978523 0.0000000 0.0000000 -0.0655035
1.4156657 -0.1918465 0.1102479 0.9978523 0.0000000 0.0000000 -0.0655035
1.4155865 -0.1918574 0.1102504 0.9978523 0.0000000 0.0000000 -0.0655035
1.4155036 -0.1918668 0.1102527 0.9978523 0.0000000 0.0000000 -0.0655035
1.4154155 -0.1918742 0.1102547 0.9978523 0.0000000 0.0000000 -0.0655035
1.4153274 -0.1918816 0.1102566 0.9978523 0.0000000 0.0000000 -0.0655035
1.4152393 -0.1918890 0.1102586 0.9978523 0.0000000 0.0000000 -0.0655035
1.4151512 -0.1918964 0.1102606 0.9978523 0.0000000 0.0000000 -0.0655035
1.4150631 -0.1919038 0.1102626 0.9978523 0.0000000 0.0000000 -0.0655035
1.4149701 -0.1919093 0.1102643 0.9978523 0.0000000 0.0000000 -0.0655035
1.4148697 -0.1919120 0.1102656 0.9978523 0.0000000 0.0000000 -0.0655035
1.4147694 -0.1919146 0.1102668 0.9978523 0.0000000 0.0000000 -0.0655035
1.4146690 -0.1919172 0.1102681 0.9978523 0.0000000 0.0000000 -0.0655035
1.4145686 -0.1919199 0.1102693 0.9978523 0.0000000 0.0000000 -0.0655035
1.4144682 -0.1919225 0.1102706 0.9978523 0.0000000 0.0000000 -0.0655035
1.4143678 -0.1919252 0.1102718 0.9978523 0.0000000 0.0000000 -0.0655035
1.4142674 -0.1919278 0.1102731 0.9978523 0.0000000 0.0000000 -0.0655035
1.4141670 -0.1919305 0.1102744 0.9978523 0.0000000 0.0000000 -0.0655035
1.4140667 -0.1919331 0.1102756 0.9978523 0.0000000 0.0000000 -0.0655035
1.4139663 -0.1919358 0.1102769 0.9978523 0.0000000 0.0000000 -0.0655035
1.4138659 -0.1919384 0.1102781 0.9978523 0.0000000 0.0000000 -0.0655035
1.4137655 -0.1919410 0.1102794 0.9978523 0.0000000 0.0000000 -0.0655035
1.4136651 -0.1919437 0.1102806 0.9978523 0.0000000 0.0000000 -0.0655035
1.4135647 -0.1919463 0.1102819 0.9978523 0.0000000 0.0000000 -0.0655035
1.4134643 -0.1919490 0.1102831 0.9978523 0.0000000 0.0000000 -0.0655035
1.4133640 -0.1919516 0.1102844 0.9978523 0.0000000 0.0000000 -0.0655035
1.4132636 -0.1919543 0.1102857 0.9978523 0.0000000 0.0000000 -0.0655035
1.4131632 -0.1919569 0.1102869 0.9978523 0.0000000 0.0000000 -0.0655035
1.4130628 -0.1919595 0.1102882 0.9978523 0.0000000 0.0000000 -0.0655035
1.4129624 -0.1919622 0.1102894 0.9978523 0.0000000 0.0000000 -0.0655035
1.4128620 -0.1919648 0.1102907 0.9978523 0.0000000 0.0000000 -0.0655035
1.4127616 -0.1919675 0.1102919 0.9978523 0.0000000 0.0000000 -0.0655035
1.4126612 -0.1919701 0.1102932 0.9978523 0.0000000 0.0000000 -0.0655035
1.4125609 -0.1919728 0.1102945 0.9978523 0.0000000 0.0000000 -0.0655035
1.4124605 -0.1919754 0.1102957 0.9978523 0.0000000 0.0000000 -0.0655035
1.4123601 -0.1919781 0.1102970 0.9978523 0.0000000 0.0000000 -0.0655035
1.4122597 -0.1919807 0.1102982 0.9978523 0.0000000 0.0000000 -0.0655035
1.4121593 -0.1919833 0.1102995 0.9978523 0.0000000 0.0000000 -0.0655035
1.4120589 -0.1919860 0.1103007 0.9978523 0.0000000 0.0000000 -0.0655035
1.4119819 -0.1919876 0.1103015 0.9978523 0.0000000 0.0000000 -0.0655035
1.4119487 -0.1919873 0.1103015 0.9978523 0.0000000 0.0000000 -0.0655035
1.4119155 -0.1919870 0.1103014 0.9978523 0.0000000 0.0000000 -0.0655035
1.4118823 -0.1919868 0.1103014 0.9978523 0.0000000 0.0000000 -0.0655035
1.4118492 -0.1919865 0.1103013 0.9978523 0.0000000 0.0000000 -0.0655035
1.4118160 -0.1919862 0.1103012 0.9978523 0.0000000 0.0000000 -0.0655035
1.4118141 -0.1919845 0.1103006 0.9978523 0.0000000 0.0000000 -0.0655035
1.4118737 -0.1919802 0.1102987 0.9978523 0.0000000 0.0000000 -0.0655035
1.4119334 -0.1919759 0.1102968 0.9978523 0.0000000 0.0000000 -0.0655035
1.4119930 -0.1919715 0.1102949 0.9978523 0.0000000 0.0000000 -0.0655035
1.4120527 -0.1919672 0.1102930 0.9978523 0.0000000 0.0000000 -0.0655035
1.4121123 -0.1919628 0.1102911 0.9978523 0.0000000 0.0000000 -0.0655035
1.4121720 -0.1919585 0.1102892 0.9978523 0.0000000 0.0000000 -0.0655035
1.4122316 -0.1919542 0.1102874 0.9978523 0.0000000 0.0000000 -0.0655035
1.4122913 -0.1919498 0.1102855 0.9978523 0.0000000 0.0000000 -0.0655035
1.4123509 -0.1919455 0.1102836 0.9978523 0.0000000 0.0000000 -0.0655035
1.4124105 -0.1919412 0.1102817 0.9978523 0.0000000 0.0000000 -0.0655035
1.4124702 -0.1919368 0.1102798 0.9978523 0.0000000 0.0000000 -0.0655035
1.4125298 -0.1919325 0.1102779 0.9978523 0.0000000 0.0000000 -0.0655035
1.4125895 -0.1919281 0.1102760 0.9978523 0.0000000 0.0000000 -0.0655035
1.4126491 -0.1919238 0.1102742 0.9978523 0.0000000 0.0000000 -0.0655035
1.4127088 -0.1919195 0.1102723 0.9978523 0.0000000 0.0000000 -0.0655035
1.4127684 -0.1919151 0.1102704 0.9978523 0.0000000 0.0000000 -0.0655035
1.4128281 -0.1919108 0.1102685 0.9978523 0.0000000 0.0000000 -0.0655035
1.4128877 -0.1919065 0.1102666 0.9978523 0.0000000 0.0000000 -0.0655035
1.4129474 -0.1919021 0.1102647 0.9978523 0.0000000 0.0000000 -0.0655035
1.4130070 -0.1918978 0.1102628 0.9978523 0.0000000 0.0000000 -0.0655035
1.4130667 -0.1918934 0.1102610 0.9978523 0.0000000 0.0000000 -0.0655035
1.4131263 -0.1918891 0.1102591 0.9978523 0.0000000 0.0000000 -0.0655035
1.4131859 -0.1918848 0.1102572 0.9978523 0.0000000 0.0000000 -0.0655035
1.4132456 -0.1918804 0.1102553 0.9978523 0.0000000 0.0000000 -0.0655035
1.4133052 -0.1918761 0.1102534 0.9978523 0.0000000 0.0000000 -0.0655035
1.4133649 -0.1918718 0.1102515 0.9978523 0.0000000 0.0000000 -0.0655035
1.4134245 -0.1918674 0.1102497 0.9978523 0.0000000 0.0000000 -0.0655035
1.4134842 -0.1918631 0.1102478 0.9978523 0.0000000 0.0000000 -0.0655035
1.4135438 -0.1918587 0.1102459 0.9978523 0.0000000 0.0000000 -0.0655035
1.4135918 -0.1918564 0.1102442 0.9978523 0.0000000 0.0000000 -0.0655035
1.4136104 -0.1918590 0.1102431 0.9978523 0.0000000 0.0000000 -0.0655035
1.4136291 -0.1918616 0.1102420 0.9978523 0.0000000 0.0000000 -0.0655035
1.4136477 -0.1918642 0.1102409 0.9978523 0.0000000 0.0000000 -0.0655035
1.4136664 -0.1918668 0.1102398 0.9978523 0.0000000 0.0000000 -0.0655035
1.4136850 -0.1918694 0.1102388 0.9978523 0.0000000 0.0000000 -0.0655035
1.4136881 -0.1918747 0.1102380 0.9978523 0.0000000 0.0000000 -0.0655035
1.4136501 -0.1918869 0.1102380 0.9978523 0.0000000 0.0000000 -0.0655035
1.4136121 -0.1918991 0.1102380 0.9978523 0.0000000 0.0000000 -0.0655035
1.4135742 -0.1919113 0.1102380 0.9978523 0.0000000 0.0000000 -0.0655035
1.4135362 -0.1919235 0.1102380 0.9978523 0.0000000 0.0000000 -0.0655035
1.4134983 -0.1919356 0.1102380 0.9978523 0.0000000 0.0000000 -0.0655035
1.4134603 -0.1919478 0.1102380 0.9978523 0.0000000 0.0000000 -0.0655035
1.4134223 -0.1919600 0.1102380 0.9978523 0.0000000 0.0000000 -0.0655035
1.4133844 -0.1919722 0.1102380 0.9978523 0.0000000 0.0000000 -0.0655035
1.4133464 -0.1919844 0.1102380 0.9978523 0.0000000 0.0000000 -0.0655035
1.4133084 -0.1919966 0.1102380 0.9978523 0.0000000 0.0000000 -0.0655035
1.4132705 -0.1920088 0.1102380 0.9978523 0.0000000 0.0000000 -0.0655035
1.4132325 -0.1920210 0.1102380 0.9978523 0.0000000 0.0000000 -0.0655035
1.4131946 -0.1920332 0.1102380 0.9978523 0.0000000 0.0000000 -0.0655035
1.4131566 -0.1920454 0.1102380 0.9978523 0.0000000 0.0000000 -0.0655035
1.4131186 -0.1920576 0.1102380 0.9978523 0.0000000 0.0000000 -0.0655035
1.4130807 -0.1920698 0.1102380 0.9978523 0.0000000 0.0000000 -0.0655035
1.4130427 -0.1920820 0.1102380 0.9978523 0.0000000 0.0000000 -0.0655035
1.4130047 -0.1920942 0.1102380 0.9978523 0.0000000 0.0000000 -0.0655035
1.4129668 -0.1921064 0.1102380 0.9978523 0.0000000 0.0000000 -0.0655035
1.4129288 -0.1921186 0.1102380 0.9978523 0.0000000 0.0000000 -0.0655035
1.4128908 -0.1921308 0.1102380 0.9978523 0.0000000 0.0000000 -0.0655035
1.4128529 -0.1921430 0.1102380 0.9978523 0.0000000 0.0000000 -0.0655035
1.4128149 -0.1921552 0.1102380 0.9978523 0.0000000 0.0000000 -0.0655035
1.4127770 -0.1921674 0.1102380 0.9978523 0.0000000 0.0000000 -0.0655035
1.4127390 -0.1921796 0.1102380 0.9978523 0.0000000 0.0000000 -0.0655035
1.4127010 -0.1921918 0.1102380 0.9978523 0.0000000 0.0000000 -0.0655035
1.4126631 -0.1922039 0.1102380 0.9978523 0.0000000 0.0000000 -0.0655035
1.4126251 -0.1922161 0.1102380 0.9978523 0.0000000 0.0000000 -0.0655035
1.4125871 -0.1922283 0.1102380 0.9978523 0.0000000 0.0000000 -0.0655035
1.4125585 -0.1922396 0.1102377 0.9978523 0.0000000 0.0000000 -0.0655035
1.4125621 -0.1922478 0.1102367 0.9978523 0.0000000 0.0000000 -0.0655035
1.4125657 -0.1922560 0.1102356 0.9978523 0.0000000 0.0000000 -0.0655035
1.4125692 -0.1922641 0.1102346 0.9978523 0.0000000 0.0000000 -0.0655035
1.4125728 -0.1922723 0.1102335 0.9978523 0.0000000 0.0000000 -0.0655035
1.4125764 -0.1922805 0.1102324 0.9978523 0.0000000 0.0000000 -0.0655035
1.4125922 -0.1922874 0.1102311 0.9978523 0.0000000 0.0000000 -0.0655035
1.4126532 -0.1922900 0.1102286 0.9978523 0.0000000 0.0000000 -0.0655035
1.4127141 -0.1922926 0.1102260 0.9978523 0.0000000 0.0000000 -0.0655035
1.4127750 -0.1922952 0.1102235 0.9978523 0.0000000 0.0000000 -0.0655035
1.4128360 -0.1922979 0.1102210 0.9978523 0.0000000 0.0000000 -0.0655035
1.4128969 -0.1923005 0.1102185 0.9978523 0.0000000 0.0000000 -0.0655035
1.4129578 -0.1923031 0.1102160 0.9978523 0.0000000 0.0000000 -0.0655035
1.4130188 -0.1923057 0.1102135 0.9978523 0.0000000 0.0000000 -0.0655035
1.4130797 -0.1923083 0.1102110 0.9978523 0.0000000 0.0000000 -0.0655035
1.4131406 -0.1923109 0.1102085 0.9978523 0.0000000 0.0000000 -0.0655035
1.4132016 -0.1923135 0.1102059 0.9978523 0.0000000 0.0000000 -0.0655035
1.4132625 -0.1923161 0.1102034 0.9978523 0.0000000 0.0000000 -0.0655035
1.4133234 -0.1923187 0.1102009 0.9978523 0.0000000 0.0000000 -0.0655035
1.4133843 -0.1923213 0.1101984 0.9978523 0.0000000 0.0000000 -0.0655035
1.4134453 -0.1923239 0.1101959 0.9978523 0.0000000 0.0000000 -0.0655035
1.4135062 -0.1923265 0.1101934 0.9978523 0.0000000 0.0000000 -0.0655035
1.4135671 -0.1923291 0.1101909 0.9978523 0.0000000 0.0000000 -0.0655035
1.4136281 -0.1923317 0.1101883 0.9978523 0.0000000 0.0000000 -0.0655035
1.4136890 -0.1923343 0.1101858 0.9978523 0.0000000 0.0000000 -0.0655035
1.4137499 -0.1923369 0.1101833 0.9978523 0.0000000 0.0000000 -0.0655035
1.4138109 -0.1923395 0.1101808 0.9978523 0.0000000 0.0000000 -0.0655035
1.4138718 -0.1923421 0.1101783 0.9978523 0.0000000 0.0000000 -0.0655035
1.4139327 -0.1923447 0.1101758 0.9978523 0.0000000 0.0000000 -0.0655035
1.4139937 -0.1923473 0.1101733 0.9978523 0.0000000 0.0000000 -0.0655035
1.4140546 -0.1923499 0.1101707 0.9978523 0.0000000 0.0000000 -0.0655035
1.4141155 -0.1923525 0.1101682 0.9978523 0.0000000 0.0000000 -0.0655035
1.4141765 -0.1923551 0.1101657 0.9978523 0.0000000 0.0000000 -0.0655035
1.4142374 -0.1923577 0.1101632 0.9978523 0.0000000 0.0000000 -0.0655035
1.4142983 -0.1923603 0.1101607 0.9978523 0.0000000 0.0000000 -0.0655035
1.4143593 -0.1923629 0.1101582 0.9978523 0.0000000 0.0000000 -0.0655035
1.4144203 -0.1923665 0.1101556 0.9978523 0.0000000 0.0000000 -0.0655035
1.4144823 -0.1923748 0.1101525 0.9978523 0.0000000 0.0000000 -0.0655035
1.4145442 -0.1923832 0.1101495 0.9978523 0.0000000 0.0000000 -0.0655035
1.4146061 -0.1923915 0.1101465 0.9978523 0.0000000 0.0000000 -0.0655035
1.4146680 -0.1923998 0.1101434 0.9978523 0.0000000 0.0000000 -0.0655035
1.4147299 -0.1924082 0.1101404 0.9978523 0.0000000 0.0000000 -0.0655035
1.4147920 -0.1924177 0.1101372 0.9978523 0.0000000 0.0000000 -0.0655035
1.4148553 -0.1924340 0.1101335 0.9978523 0.0000000 0.0000000 -0.0655035
1.4149186 -0.1924502 0.1101297 0.9978523 0.0000000 0.0000000 -0.0655035
1.4149818 -0.1924665 0.1101260 0.9978523 0.0000000 0.0000000 -0.0655035
1.4150451 -0.1924827 0.1101222 0.9978523 0.0000000 0.0000000 -0.0655035
1.4151084 -0.1924990 0.1101185 0.9978523 0.0000000 0.0000000 -0.0655035
1.4151716 -0.1925152 0.1101147 0.9978523 0.0000000 0.0000000 -0.0655035
1.4152349 -0.1925315 0.1101109 0.9978523 0.0000000 0.0000000 -0.0655035
1.4152982 -0.1925477 0.1101072 0.9978523 0.0000000 0.0000000 -0.0655035
1.4153614 -0.1925640 0.1101034 0.9978523 0.0000000 0.0000000 -0.0655035
1.4154247 -0.1925802 0.1100997 0.9978523 0.0000000 0.0000000 -0.0655035
1.4154880 -0.1925965 0.1100959 0.9978523 0.0000000 0.0000000 -0.0655035
1.4155512 -0.1926127 0.1100921 0.9978523 0.0000000 0.0000000 -0.0655035
1.4156145 -0.1926290 0.1100884 0.9978523 0.0000000 0.0000000 -0.0655035
1.4156778 -0.1926452 0.1100846 0.9978523 0.0000000 0.0000000 -0.0655035
1.4157410 -0.1926615 0.1100809 0.9978523 0.0000000 0.0000000 -0.0655035
1.4158043 -0.1926777 0.1100771 0.9978523 0.0000000 0.0000000 -0.0655035
1.4158676 -0.1926940 0.1100734 0.9978523 0.0000000 0.0000000 -0.0655035
1.4159308 -0.1927102 0.1100696 0.9978523 0.0000000 0.0000000 -0.0655035
1.4159941 -0.1927265 0.1100658 0.9978523 0.0000000 0.0000000 -0.0655035
1.4160574 -0.1927427 0.1100621 0.9978523 0.0000000 0.0000000 -0.0655035
1.4161206 -0.1927590 0.1100583 0.9978523 0.0000000 0.0000000 -0.0655035
1.4161839 -0.1927752 0.1100546 0.9978523 0.0000000 0.0000000 -0.0655035
1.4162472 -0.1927915 0.1100508 0.9978523 0.0000000 0.0000000 -0.0655035
1.4163104 -0.1928077 0.1100470 0.9978523 0.0000000 0.0000000 -0.0655035
1.4163737 -0.1928240 0.1100433 0.9978523 0.0000000 0.0000000 -0.0655035
1.4164370 -0.1928402 0.1100395 0.9978523 0.0000000 0.0000000 -0.0655035
1.4165002 -0.1928565 0.1100358 0.9978523 0.0000000 0.0000000 -0.0655035
1.4165635 -0.1928727 0.1100320 0.9978523 0.0000000 0.0000000 -0.0655035
1.4166268 -0.1928890 0.1100283 0.9978523 0.0000000 0.0000000 -0.0655035
1.4166875 -0.1929046 0.1100247 0.9978523 0.0000000 0.0000000 -0.0655035
1.4167254 -0.1929143 0.1100230 0.9978523 0.0000000 0.0000000 -0.0655035
1.4167634 -0.1929241 0.1100212 0.9978523 0.0000000 0.0000000 -0.0655035
1.4168014 -0.1929338 0.1100195 0.9978523 0.0000000 0.0000000 -0.0655035
1.4168393 -0.1929436 0.1100177 0.9978523 0.0000000 0.0000000 -0.0655035
1.4168773 -0.1929533 0.1100160 0.9978523 0.0000000 0.0000000 -0.0655035
1.4169117 -0.1929622 0.1100145 0.9978523 0.0000000 0.0000000 -0.0655035
1.4169117 -0.1929622 0.1100157 0.9978523 0.0000000 0.0000000 -0.0655035
1.4169117 -0.1929622 0.1100170 0.9978523 0.0000000 0.0000000 -0.0655035
1.4169117 -0.1929622 0.1100183 0.9978523 0.0000000 0.0000000 -0.0655035
1.4169117 -0.1929622 0.1100195 0.9978523 0.0000000 0.0000000 -0.0655035
1.4169117 -0.1929622 0.1100208 0.9978523 0.0000000 0.0000000 -0.0655035
1.4169117 -0.1929622 0.1100220 0.9978523 0.0000000 0.0000000 -0.0655035
1.4169117 -0.1929622 0.1100233 0.9978523 0.0000000 0.0000000 -0.0655035
1.4169117 -0.1929622 0.1100246 0.9978523 0.0000000 0.0000000 -0.0655035
1.4169117 -0.1929622 0.1100258 0.9978523 0.0000000 0.0000000 -0.0655035
1.4169117 -0.1929622 0.1100271 0.9978523 0.0000000 0.0000000 -0.0655035
1.4169117 -0.1929622 0.1100284 0.9978523 0.0000000 0.0000000 -0.0655035
1.4169117 -0.1929622 0.1100296 0.9978523 0.0000000 0.0000000 -0.0655035
1.4169117 -0.1929622 0.1100309 0.9978523 0.0000000 0.0000000 -0.0655035
1.4169117 -0.1929622 0.1100321 0.9978523 0.0000000 0.0000000 -0.0655035
1.4169117 -0.1929622 0.1100334 0.9978523 0.0000000 0.0000000 -0.0655035
1.4169117 -0.1929622 0.1100347 0.9978523 0.0000000 0.0000000 -0.0655035
1.4169117 -0.1929622 0.1100359 0.9978523 0.0000000 0.0000000 -0.0655035
1.4169117 -0.1929622 0.1100372 0.9978523 0.0000000 0.0000000 -0.0655035
1.4169117 -0.1929622 0.1100384 0.9978523 0.0000000 0.0000000 -0.0655035
1.4169117 -0.1929622 0.1100397 0.9978523 0.0000000 0.0000000 -0.0655035
1.4169117 -0.1929622 0.1100410 0.9978523 0.0000000 0.0000000 -0.0655035
1.4169117 -0.1929622 0.1100422 0.9978523 0.0000000 0.0000000 -0.0655035
1.4169117 -0.1929622 0.1100435 0.9978523 0.0000000 0.0000000 -0.0655035
1.4169117 -0.1929622 0.1100447 0.9978523 0.0000000 0.0000000 -0.0655035
1.4169117 -0.1929622 0.1100460 0.9978523 0.0000000 0.0000000 -0.0655035
1.4169117 -0.1929622 0.1100473 0.9978523 0.0000000 0.0000000 -0.0655035
1.4169117 -0.1929622 0.1100485 0.9978523 0.0000000 0.0000000 -0.0655035
1.4169117 -0.1929622 0.1100498 0.9978523 0.0000000 0.0000000 -0.0655035
1.4169117 -0.1929622 0.1100511 0.9978523 0.0000000 0.0000000 -0.0655035
1.4169111 -0.1929624 0.1100523 0.9978523 0.0000000 0.0000000 -0.0655035
1.4168951 -0.1929675 0.1100536 0.9978523 0.0000000 0.0000000 -0.0655035
1.4168791 -0.1929726 0.1100548 0.9978523 0.0000000 0.0000000 -0.0655035
1.4168632 -0.1929776 0.1100561 0.9978523 0.0000000 0.0000000 -0.0655035
1.4168472 -0.1929827 0.1100573 0.9978523 0.0000000 0.0000000 -0.0655035
1.4168312 -0.1929878 0.1100586 0.9978523 0.0000000 0.0000000 -0.0655035
1.4168146 -0.1929931 0.1100599 0.9978523 0.0000000 0.0000000 -0.0655035
1.4167765 -0.1930052 0.1100611 0.9978523 0.0000000 0.0000000 -0.0655035
1.4167385 -0.1930173 0.1100624 0.9978523 0.0000000 0.0000000 -0.0655035
1.4167004 -0.1930294 0.1100636 0.9978523 0.0000000 0.0000000 -0.0655035
1.4166624 -0.1930415 0.1100649 0.9978523 0.0000000 0.0000000 -0.0655035
1.4166244 -0.1930536 0.1100662 0.9978523 0.0000000 0.0000000 -0.0655035
1.4165863 -0.1930657 0.1100674 0.9978523 0.0000000 0.0000000 -0.0655035
1.4165483 -0.1930778 0.1100687 0.9978523 0.0000000 0.0000000 -0.0655035
1.4165102 -0.1930899 0.1100699 0.9978523 0.0000000 0.0000000 -0.0655035
1.4164722 -0.1931020 0.1100712 0.9978523 0.0000000 0.0000000 -0.0655035
1.4164341 -0.1931141 0.1100724 0.9978523 0.0000000 0.0000000 -0.0655035
1.4163961 -0.1931262 0.1100737 0.9978523 0.0000000 0.0000000 -0.0655035
1.4163581 -0.1931383 0.1100750 0.9978523 0.0000000 0.0000000 -0.0655035
1.4163200 -0.1931504 0.1100762 0.9978523 0.0000000 0.0000000 -0.0655035
1.4162820 -0.1931625 0.1100775 0.9978523 0.0000000 0.0000000 -0.0655035
1.4162439 -0.1931746 0.1100787 0.9978523 0.0000000 0.0000000 -0.0655035
1.4162059 -0.1931867 0.1100800 0.9978523 0.0000000 0.0000000 -0.0655035
1.4161679 -0.1931988 0.1100812 0.9978523 0.0000000 0.0000000 -0.0655035
1.4161298 -0.1932109 0.1100825 0.9978523 0.0000000 0.0000000 -0.0655035
1.4160918 -0.1932230 0.1100837 0.9978523 0.0000000 0.0000000 -0.0655035
1.4160537 -0.1932351 0.1100850 0.9978523 0.0000000 0.0000000 -0.0655035
1.4160157 -0.1932472 0.1100863 0.9978523 0.0000000 0.0000000 -0.0655035
1.4159777 -0.1932592 0.1100875 0.9978523 0.0000000 0.0000000 -0.0655035
1.4159396 -0.1932713 0.1100888 0.9978523 0.0000000 0.0000000 -0.0655035
1.4159016 -0.1932834 0.1100900 0.9978523 0.0000000 0.0000000 -0.0655035
1.4158635 -0.1932955 0.1100913 0.9978523 0.0000000 0.0000000 -0.0655035
1.4158255 -0.1933076 0.1100925 0.9978523 0.0000000 0.0000000 -0.0655035
1.4157874 -0.1933197 0.1100938 0.9978523 0.0000000 0.0000000 -0.0655035
1.4157494 -0.1933318 0.1100951 0.9978523 0.0000000 0.0000000 -0.0655035
1.4157114 -0.1933439 0.1100963 0.9978523 0.0000000 0.0000000 -0.0655035
1.4156733 -0.1933560 0.1100976 0.9978523 0.0000000 0.0000000 -0.0655035
1.4156774 -0.1933725 0.1100991 0.9978523 0.0000000 0.0000000 -0.0655035
1.4156824 -0.1933891 0.1101006 0.9978523 0.0000000 0.0000000 -0.0655035
1.4156874 -0.1934057 0.1101021 0.9978523 0.0000000 0.0000000 -0.0655035
1.4156924 -0.1934223 0.1101037 0.9978523 0.0000000 0.0000000 -0.0655035
1.4156973 -0.1934389 0.1101052 0.9978523 0.0000000 0.0000000 -0.0655035
1.4157023 -0.1934555 0.1101067 0.9978523 0.0000000 0.0000000 -0.0655035
1.4157649 -0.1934781 0.1101086 0.9978523 0.0000000 0.0000000 -0.0655035
1.4158293 -0.1935010 0.1101105 0.9978523 0.0000000 0.0000000 -0.0655035
1.4158937 -0.1935238 0.1101123 0.9978523 0.0000000 0.0000000 -0.0655035
1.4159581 -0.1935466 0.1101142 0.9978523 0.0000000 0.0000000 -0.0655035
1.4160224 -0.1935694 0.1101161 0.9978523 0.0000000 0.0000000 -0.0655035
1.4160868 -0.1935922 0.1101180 0.9978523 0.0000000 0.0000000 -0.0655035
1.4161512 -0.1936150 0.1101199 0.9978523 0.0000000 0.0000000 -0.0655035
1.4162156 -0.1936378 0.1101218 0.9978523 0.0000000 0.0000000 -0.0655035
1.4162800 -0.1936606 0.1101237 0.9978523 0.0000000 0.0000000 -0.0655035
1.4163444 -0.1936834 0.1101255 0.9978523 0.0000000 0.0000000 -0.0655035
1.4164088 -0.1937062 0.1101274 0.9978523 0.0000000 0.0000000 -0.0655035
1.4164731 -0.1937291 0.1101293 0.9978523 0.0000000 0.0000000 -0.0655035
1.4165375 -0.1937519 0.1101312 0.9978523 0.0000000 0.0000000 -0.0655035
1.4166019 -0.1937747 0.1101331 0.9978523 0.0000000 0.0000000 -0.0655035
1.4166663 -0.1937975 0.1101350 0.9978523 0.0000000 0.0000000 -0.0655035
1.4167307 -0.1938203 0.1101369 0.9978523 0.0000000 0.0000000 -0.0655035
1.4167951 -0.1938431 0.1101387 0.9978523 0.0000000 0.0000000 -0.0655035
1.4168595 -0.1938659 0.1101406 0.9978523 0.0000000 0.0000000 -0.0655035
1.4169239 -0.1938887 0.1101425 0.9978523 0.0000000 0.0000000 -0.0655035
1.4169882 -0.1939115 0.1101444 0.9978523 0.0000000 0.0000000 -0.0655035
1.4170526 -0.1939343 0.1101463 0.9978523 0.0000000 0.0000000 -0.0655035
1.4171170 -0.1939572 0.1101482 0.9978523 0.0000000 0.0000000 -0.0655035
1.4171814 -0.1939800 0.1101500 0.9978523 0.0000000 0.0000000 -0.0655035
1.4172458 -0.1940028 0.1101519 0.9978523 0.0000000 0.0000000 -0.0655035
1.4173102 -0.1940256 0.1101538 0.9978523 0.0000000 0.0000000 -0.0655035
1.4173746 -0.1940484 0.1101557 0.9978523 0.0000000 0.0000000 -0.0655035
1.4174390 -0.1940712 0.1101576 0.9978523 0.0000000 0.0000000 -0.0655035
1.4175033 -0.1940940 0.1101595 0.9978523 0.0000000 0.0000000 -0.0655035
1.4175677 -0.1941168 0.1101614 0.9978523 0.0000000 0.0000000 -0.0655035
1.4176321 -0.1941396 0.1101632 0.9978523 0.0000000 0.0000000 -0.0655035
1.4176882 -0.1941594 0.1101651 0.9978523 0.0000000 0.0000000 -0.0655035
1.4177434 -0.1941790 0.1101670 0.9978523 0.0000000 0.0000000 -0.0655035
1.4177987 -0.1941985 0.1101689 0.9978523 0.0000000 0.0000000 -0.0655035
1.4178540 -0.1942180 0.1101708 0.9978523 0.0000000 0.0000000 -0.0655035
1.4179093 -0.1942375 0.1101727 0.9978523 0.0000000 0.0000000 -0.0655035
1.4179646 -0.1942571 0.1101746 0.9978523 0.0000000 0.0000000 -0.0655035
1.4180085 -0.1942725 0.1101764 0.9978523 0.0000000 0.0000000 -0.0655035
1.4180512 -0.1942875 0.1101783 0.9978523 0.0000000 0.0000000 -0.0655035
1.4180940 -0.1943025 0.1101802 0.9978523 0.0000000 0.0000000 -0.0655035
1.4181367 -0.1943175 0.1101821 0.9978523 0.0000000 0.0000000 -0.0655035
1.4181795 -0.1943325 0.1101840 0.9978523 0.0000000 0.0000000 -0.0655035
1.4182222 -0.1943475 0.1101859 0.9978523 0.0000000 0.0000000 -0.0655035
1.4182649 -0.1943625 0.1101878 0.9978523 0.0000000 0.0000000 -0.0655035
1.4183077 -0.1943775 0.1101896 0.9978523 0.0000000 0.0000000 -0.0655035
1.4183504 -0.1943925 0.1101915 0.9978523 0.0000000 0.0000000 -0.0655035
1.4183931 -0.1944075 0.1101934 0.9978523 0.0000000 0.0000000 -0.0655035
1.4184359 -0.1944224 0.1101953 0.9978523 0.0000000 0.0000000 -0.0655035
1.4184786 -0.1944374 0.1101972 0.9978523 0.0000000 0.0000000 -0.0655035
1.4185213 -0.1944524 0.1101991 0.9978523 0.0000000 0.0000000 -0.0655035
1.4185641 -0.1944674 0.1102010 0.9978523 0.0000000 0.0000000 -0.0655035
1.4186068 -0.1944824 0.1102028 0.9978523 0.0000000 0.0000000 -0.0655035
1.4186496 -0.1944974 0.1102047 0.9978523 0.0000000 0.0000000 -0.0655035
1.4186923 -0.1945124 0.1102066 0.9978523 0.0000000 0.0000000 -0.0655035
1.4187350 -0.1945274 0.1102085 0.9978523 0.0000000 0.0000000 -0.0655035
1.4187778 -0.1945424 0.1102104 0.9978523 0.0000000 0.0000000 -0.0655035
1.4188205 -0.1945574 0.1102123 0.9978523 0.0000000 0.0000000 -0.0655035
1.4188632 -0.1945724 0.1102142 0.9978523 0.0000000 0.0000000 -0.0655035
1.4189060 -0.1945874 0.1102160 0.9978523 0.0000000 0.0000000 -0.0655035
1.4189487 -0.1946024 0.1102179 0.9978523 0.0000000 0.0000000 -0.0655035
1.4189914 -0.1946174 0.1102198 0.9978523 0.0000000 0.0000000 -0.0655035
1.4190342 -0.1946324 0.1102217 0.9978523 0.0000000 0.0000000 -0.0655035
1.4190769 -0.1946474 0.1102236 0.9978523 0.0000000 0.0000000 -0.0655035
1.4191197 -0.1946624 0.1102255 0.9978523 0.0000000 0.0000000 -0.0655035
1.4191624 -0.1946774 0.1102273 0.9978523 0.0000000 0.0000000 -0.0655035
1.4192051 -0.1946924 0.1102292 0.9978523 0.0000000 0.0000000 -0.0655035
1.4192479 -0.1947074 0.1102311 0.9978523 0.0000000 0.0000000 -0.0655035
1.4192837 -0.1947244 0.1102321 0.9978523 0.0000000 0.0000000 -0.0655035
1.4193184 -0.1947418 0.1102329 0.9978523 0.0000000 0.0000000 -0.0655035
1.4193531 -0.1947592 0.1102338 0.9978523 0.0000000 0.0000000 -0.0655035
1.4193878 -0.1947766 0.1102346 0.9978523 0.0000000 0.0000000 -0.0655035
1.4194225 -0.1947941 0.1102354 0.9978523 0.0000000 0.0000000 -0.0655035
1.4194572 -0.1948115 0.1102362 0.9978523 0.0000000 0.0000000 -0.0655035
1.4194824 -0.1948317 0.1102358 0.9978523 0.0000000 0.0000000 -0.0655035
1.4195060 -0.1948524 0.1102352 0.9978523 0.0000000 0.0000000 -0.0655035
1.4195296 -0.1948731 0.1102346 0.9978523 0.0000000 0.0000000 -0.0655035
1.4195532 -0.1948939 0.1102340 0.9978523 0.0000000 0.0000000 -0.0655035
1.4195768 -0.1949146 0.1102333 0.9978523 0.0000000 0.0000000 -0.0655035
1.4196003 -0.1949354 0.1102327 0.9978523 0.0000000 0.0000000 -0.0655035
1.4196239 -0.1949561 0.1102321 0.9978523 0.0000000 0.0000000 -0.0655035
1.4196475 -0.1949768 0.1102314 0.9978523 0.0000000 0.0000000 -0.0655035
1.4196711 -0.1949976 0.1102308 0.9978523 0.0000000 0.0000000 -0.0655035
1.4196947 -0.1950183 0.1102302 0.9978523 0.0000000 0.0000000 -0.0655035
1.4197182 -0.1950390 0.1102296 0.9978523 0.0000000 0.0000000 -0.0655035
1.4197418 -0.1950598 0.1102289 0.9978523 0.0000000 0.0000000 -0.0655035
1.4197654 -0.1950805 0.1102283 0.9978523 0.0000000 0.0000000 -0.0655035
1.4197890 -0.1951012 0.1102277 0.9978523 0.0000000 0.0000000 -0.0655035
1.4198126 -0.1951220 0.1102270 0.9978523 0.0000000 0.0000000 -0.0655035
1.4198361 -0.1951427 0.1102264 0.9978523 0.0000000 0.0000000 -0.0655035
1.4198597 -0.1951634 0.1102258 0.9978523 0.0000000 0.0000000 -0.0655035
1.4198833 -0.1951842 0.1102252 0.9978523 0.0000000 0.0000000 -0.0655035
1.4199069 -0.1952049 0.1102245 0.9978523 0.0000000 0.0000000 -0.0655035
1.4199305 -0.1952256 0.1102239 0.9978523 0.0000000 0.0000000 -0.0655035
1.4199540 -0.1952464 0.1102233 0.9978523 0.0000000 0.0000000 -0.0655035
1.4199776 -0.1952671 0.1102226 0.9978523 0.0000000 0.0000000 -0.0655035
1.4200012 -0.1952878 0.1102220 0.9978523 0.0000000 0.0000000 -0.0655035
1.4200248 -0.1953086 0.1102214 0.9978523 0.0000000 0.0000000 -0.0655035
1.4200484 -0.1953293 0.1102208 0.9978523 0.0000000 0.0000000 -0.0655035
1.4200719 -0.1953500 0.1102201 0.9978523 0.0000000 0.0000000 -0.0655035
1.4200955 -0.1953708 0.1102195 0.9978523 0.0000000 0.0000000 -0.0655035
1.4201191 -0.1953915 0.1102189 0.9978523 0.0000000 0.0000000 -0.0655035
1.4201427 -0.1954122 0.1102182 0.9978523 0.0000000 0.0000000 -0.0655035
1.4201663 -0.1954330 0.1102176 0.9978523 0.0000000 0.0000000 -0.0655035
1.4202166 -0.1954545 0.1102168 0.9978523 0.0000000 0.0000000 -0.0655035
1.4202739 -0.1954763 0.1102159 0.9978523 0.0000000 0.0000000 -0.0655035
1.4203311 -0.1954981 0.1102150 0.9978523 0.0000000 0.0000000 -0.0655035
1.4203883 -0.1955199 0.1102141 0.9978523 0.0000000 0.0000000 -0.0655035
1.4204456 -0.1955417 0.1102132 0.9978523 0.0000000 0.0000000 -0.0655035
1.4205028 -0.1955635 0.1102123 0.9978523 0.0000000 0.0000000 -0.0655035
1.4205965 -0.1955864 0.1102111 0.9978523 0.0000000 0.0000000 -0.0655035
1.4207003 -0.1956097 0.1102099 0.9978523 0.0000000 0.0000000 -0.0655035
1.4208040 -0.1956329 0.1102086 0.9978523 0.0000000 0.0000000 -0.0655035
1.4209077 -0.1956562 0.1102074 0.9978523 0.0000000 0.0000000 -0.0655035
1.4210114 -0.1956794 0.1102061 0.9978523 0.0000000 0.0000000 -0.0655035
1.4211151 -0.1957027 0.1102049 0.9978523 0.0000000 0.0000000 -0.0655035
1.4212188 -0.1957259 0.1102036 0.9978523 0.0000000 0.0000000 -0.0655035
1.4213225 -0.1957491 0.1102023 0.9978523 0.0000000 0.0000000 -0.0655035
1.4214262 -0.1957724 0.1102011 0.9978523 0.0000000 0.0000000 -0.0655035
1.4215299 -0.1957956 0.1101998 0.9978523 0.0000000 0.0000000 -0.0655035
1.4216336 -0.1958189 0.1101986 0.9978523 0.0000000 0.0000000 -0.0655035
1.4217373 -0.1958421 0.1101973 0.9978523 0.0000000 0.0000000 -0.0655035
1.4218410 -0.1958654 0.1101961 0.9978523 0.0000000 0.0000000 -0.0655035
1.4219447 -0.1958886 0.1101948 0.9978523 0.0000000 0.0000000 -0.0655035
1.4220484 -0.1959119 0.1101935 0.9978523 0.0000000 0.0000000 -0.0655035
1.4221521 -0.1959351 0.1101923 0.9978523 0.0000000 0.0000000 -0.0655035
1.4222558 -0.1959584 0.1101910 0.9978523 0.0000000 0.0000000 -0.0655035
1.4223595 -0.1959816 0.1101898 0.9978523 0.0000000 0.0000000 -0.0655035
1.4224633 -0.1960049 0.1101885 0.9978523 0.0000000 0.0000000 -0.0655035
1.4225670 -0.1960281 0.1101873 0.9978523 0.0000000 0.0000000 -0.0655035
1.4226707 -0.1960514 0.1101860 0.9978523 0.0000000 0.0000000 -0.0655035
1.4227744 -0.1960746 0.1101847 0.9978523 0.0000000 0.0000000 -0.0655035
1.4228781 -0.1960978 0.1101835 0.9978523 0.0000000 0.0000000 -0.0655035
1.4229818 -0.1961211 0.1101822 0.9978523 0.0000000 0.0000000 -0.0655035
1.4230855 -0.1961443 0.1101810 0.9978523 0.0000000 0.0000000 -0.0655035
1.4231892 -0.1961676 0.1101797 0.9978523 0.0000000 0.0000000 -0.0655035
1.4232929 -0.1961908 0.1101785 0.9978523 0.0000000 0.0000000 -0.0655035
1.4233966 -0.1962141 0.1101772 0.9978523 0.0000000 0.0000000 -0.0655035
1.4235003 -0.1962373 0.1101759 0.9978523 0.0000000 0.0000000 -0.0655035
1.4236040 -0.1962606 0.1101747 0.9978523 0.0000000 0.0000000 -0.0655035
1.4236386 -0.1962753 0.1101736 0.9978523 0.0000000 0.0000000 -0.0655035
1.4236482 -0.1962870 0.1101726 0.9978523 0.0000000 0.0000000 -0.0655035
1.4236578 -0.1962987 0.1101716 0.9978523 0.0000000 0.0000000 -0.0655035
1.4236674 -0.1963104 0.1101706 0.9978523 0.0000000 0.0000000 -0.0655035
1.4236770 -0.1963221 0.1101697 0.9978523 0.0000000 0.0000000 -0.0655035
1.4236866 -0.1963339 0.1101687 0.9978523 0.0000000 0.0000000 -0.0655035
1.4236021 -0.1963340 0.1101679 0.9978523 0.0000000 0.0000000 -0.0655035
1.4234817 -0.1963298 0.1101673 0.9978523 0.0000000 0.0000000 -0.0655035
1.4233614 -0.1963255 0.1101667 0.9978523 0.0000000 0.0000000 -0.0655035
1.4232410 -0.1963213 0.1101660 0.9978523 0.0000000 0.0000000 -0.0655035
1.4231207 -0.1963171 0.1101654 0.9978523 0.0000000 0.0000000 -0.0655035
1.4230003 -0.1963128 0.1101648 0.9978523 0.0000000 0.0000000 -0.0655035
1.4228800 -0.1963086 0.1101642 0.9978523 0.0000000 0.0000000 -0.0655035
1.4227596 -0.1963043 0.1101635 0.9978523 0.0000000 0.0000000 -0.0655035
1.4226393 -0.1963001 0.1101629 0.9978523 0.0000000 0.0000000 -0.0655035
1.4225190 -0.1962959 0.1101623 0.9978523 0.0000000 0.0000000 -0.0655035
1.4223986 -0.1962916 0.1101616 0.9978523 0.0000000 0.0000000 -0.0655035
1.4222783 -0.1962874 0.1101610 0.9978523 0.0000000 0.0000000 -0.0655035
1.4221579 -0.1962832 0.1101604 0.9978523 0.0000000 0.0000000 -0.0655035
1.4220376 -0.1962789 0.1101598 0.9978523 0.0000000 0.0000000 -0.0655035
1.4219172 -0.1962747 0.1101591 0.9978523 0.0000000 0.0000000 -0.0655035
1.4217969 -0.1962704 0.1101585 0.9978523 0.0000000 0.0000000 -0.0655035
1.4216765 -0.1962662 0.1101579 0.9978523 0.0000000 0.0000000 -0.0655035
1.4215562 -0.1962620 0.1101572 0.9978523 0.0000000 0.0000000 -0.0655035
1.4214358 -0.1962577 0.1101566 0.9978523 0.0000000 0.0000000 -0.0655035
1.4213155 -0.1962535 0.1101560 0.9978523 0.0000000 0.0000000 -0.0655035
1.4211952 -0.1962493 0.1101554 0.9978523 0.0000000 0.0000000 -0.0655035
1.4210748 -0.1962450 0.1101547 0.9978523 0.0000000 0.0000000 -0.0655035
1.4209545 -0.1962408 0.1101541 0.9978523 0.0000000 0.0000000 -0.0655035
1.4208341 -0.1962366 0.1101535 0.9978523 0.0000000 0.0000000 -0.0655035
1.4207138 -0.1962323 0.1101528 0.9978523 0.0000000 0.0000000 -0.0655035
1.4205934 -0.1962281 0.1101522 0.9978523 0.0000000 0.0000000 -0.0655035
1.4204731 -0.1962238 0.1101516 0.9978523 0.0000000 0.0000000 -0.0655035
1.4203527 -0.1962196 0.1101510 0.9978523 0.0000000 0.0000000 -0.0655035
1.4202324 -0.1962154 0.1101503 0.9978523 0.0000000 0.0000000 -0.0655035
1.4201120 -0.1962111 0.1101497 0.9978523 0.0000000 0.0000000 -0.0655035
1.4200580 -0.1961980 0.1101487 0.9978523 0.0000000 0.0000000 -0.0655035
1.4200362 -0.1961807 0.1101476 0.9978523 0.0000000 0.0000000 -0.0655035
1.4200144 -0.1961633 0.1101464 0.9978523 0.0000000 0.0000000 -0.0655035
1.4199926 -0.1961460 0.1101453 0.9978523 0.0000000 0.0000000 -0.0655035
1.4199707 -0.1961286 0.1101441 0.9978523 0.0000000 0.0000000 -0.0655035
1.4199489 -0.1961112 0.1101429 0.9978523 0.0000000 0.0000000 -0.0655035
1.4200173 -0.1960818 0.1101413 0.9978523 0.0000000 0.0000000 -0.0655035
1.4201316 -0.1960464 0.1101394 0.9978523 0.0000000 0.0000000 -0.0655035
1.4202458 -0.1960109 0.1101375 0.9978523 0.0000000 0.0000000 -0.0655035
1.4203600 -0.1959754 0.1101356 0.9978523 0.0000000 0.0000000 -0.0655035
1.4204742 -0.1959399 0.1101338 0.9978523 0.0000000 0.0000000 -0.0655035
1.4205885 -0.1959044 0.1101319 0.9978523 0.0000000 0.0000000 -0.0655035
1.4207027 -0.1958689 0.1101300 0.9978523 0.0000000 0.0000000 -0.0655035
1.4208169 -0.1958334 0.1101281 0.9978523 0.0000000 0.0000000 -0.0655035
1.4209311 -0.1957979 0.1101262 0.9978523 0.0000000 0.0000000 -0.0655035
1.4210454 -0.1957624 0.1101243 0.9978523 0.0000000 0.0000000 -0.0655035
1.4211596 -0.1957269 0.1101224 0.9978523 0.0000000 0.0000000 -0.0655035
1.4212738 -0.1956914 0.1101206 0.9978523 0.0000000 0.0000000 -0.0655035
1.4213880 -0.1956560 0.1101187 0.9978523 0.0000000 0.0000000 -0.0655035
1.4215023 -0.1956205 0.1101168 0.9978523 0.0000000 0.0000000 -0.0655035
1.4216165 -0.1955850 0.1101149 0.9978523 0.0000000 0.0000000 -0.0655035
1.4217307 -0.1955495 0.1101130 0.9978523 0.0000000 0.0000000 -0.0655035
1.4218449 -0.1955140 0.1101111 0.9978523 0.0000000 0.0000000 -0.0655035
1.4219592 -0.1954785 0.1101092 0.9978523 0.0000000 0.0000000 -0.0655035
1.4220734 -0.1954430 0.1101074 0.9978523 0.0000000 0.0000000 -0.0655035
1.4221876 -0.1954075 0.1101055 0.9978523 0.0000000 0.0000000 -0.0655035
1.4223018 -0.1953720 0.1101036 0.9978523 0.0000000 0.0000000 -0.0655035
1.4224161 -0.1953365 0.1101017 0.9978523 0.0000000 0.0000000 -0.0655035
1.4225303 -0.1953010 0.1100998 0.9978523 0.0000000 0.0000000 -0.0655035
1.4226445 -0.1952656 0.1100979 0.9978523 0.0000000 0.0000000 -0.0655035
1.4227587 -0.1952301 0.1100961 0.9978523 0.0000000 0.0000000 -0.0655035
1.4228730 -0.1951946 0.1100942 0.9978523 0.0000000 0.0000000 -0.0655035
1.4229872 -0.1951591 0.1100923 0.9978523 0.0000000 0.0000000 -0.0655035
1.4231014 -0.1951236 0.1100904 0.9978523 0.0000000 0.0000000 -0.0655035
1.4232156 -0.1950881 0.1100885 0.9978523 0.0000000 0.0000000 -0.0655035
1.4233299 -0.1950526 0.1100866 0.9978523 0.0000000 0.0000000 -0.0655035
1.4233982 -0.1950205 0.1100841 0.9978523 0.0000000 0.0000000 -0.0655035
1.4234376 -0.1949905 0.1100811 0.9978523 0.0000000 0.0000000 -0.0655035
1.4234769 -0.1949605 0.1100782 0.9978523 0.0000000 0.0000000 -0.0655035
1.4235162 -0.1949306 0.1100752 0.9978523 0.0000000 0.0000000 -0.0655035
1.4235556 -0.1949006 0.1100723 0.9978523 0.0000000 0.0000000 -0.0655035
1.4235949 -0.1948706 0.1100694 0.9978523 0.0000000 0.0000000 -0.0655035
1.4235719 -0.1948452 0.1100655 0.9978523 0.0000000 0.0000000 -0.0655035
1.4235078 -0.1948229 0.1100611 0.9978523 0.0000000 0.0000000 -0.0655035
1.4234437 -0.1948005 0.1100567 0.9978523 0.0000000 0.0000000 -0.0655035
1.4233796 -0.1947782 0.1100523 0.9978523 0.0000000 0.0000000 -0.0655035
1.4233155 -0.1947558 0.1100479 0.9978523 0.0000000 0.0000000 -0.0655035
1.4232514 -0.1947334 0.1100435 0.9978523 0.0000000 0.0000000 -0.0655035
1.4231873 -0.1947111 0.1100390 0.9978523 0.0000000 0.0000000 -0.0655035
1.4231232 -0.1946887 0.1100346 0.9978523 0.0000000 0.0000000 -0.0655035
1.4230591 -0.1946664 0.1100302 0.9978523 0.0000000 0.0000000 -0.0655035
1.4229950 -0.1946440 0.1100258 0.9978523 0.0000000 0.0000000 -0.0655035
1.4229309 -0.1946217 0.1100214 0.9978523 0.0000000 0.0000000 -0.0655035
1.4228668 -0.1945993 0.1100170 0.9978523 0.0000000 0.0000000 -0.0655035
1.4228027 -0.1945769 0.1100126 0.9978523 0.0000000 0.0000000 -0.0655035
1.4227386 -0.1945546 0.1100081 0.9978523 0.0000000 0.0000000 -0.0655035
1.4226745 -0.1945322 0.1100037 0.9978523 0.0000000 0.0000000 -0.0655035
1.4226104 -0.1945099 0.1099993 0.9978523 0.0000000 0.0000000 -0.0655035
1.4225463 -0.1944875 0.1099949 0.9978523 0.0000000 0.0000000 -0.0655035
1.4224822 -0.1944652 0.1099905 0.9978523 0.0000000 0.0000000 -0.0655035
1.4224181 -0.1944428 0.1099861 0.9978523 0.0000000 0.0000000 -0.0655035
1.4223539 -0.1944204 0.1099817 0.9978523 0.0000000 0.0000000 -0.0655035
1.4222898 -0.1943981 0.1099772 0.9978523 0.0000000 0.0000000 -0.0655035
1.4222257 -0.1943757 0.1099728 0.9978523 0.0000000 0.0000000 -0.0655035
1.4221616 -0.1943534 0.1099684 0.9978523 0.0000000 0.0000000 -0.0655035
1.4220975 -0.1943310 0.1099640 0.9978523 0.0000000 0.0000000 -0.0655035
1.4220334 -0.1943087 0.1099596 0.9978523 0.0000000 0.0000000 -0.0655035
1.4219693 -0.1942863 0.1099552 0.9978523 0.0000000 0.0000000 -0.0655035
1.4219052 -0.1942639 0.1099508 0.9978523 0.0000000 0.0000000 -0.0655035
1.4218411 -0.1942416 0.1099463 0.9978523 0.0000000 0.0000000 -0.0655035
1.4217770 -0.1942192 0.1099419 0.9978523 0.0000000 0.0000000 -0.0655035
1.4217129 -0.1941969 0.1099375 0.9978523 0.0000000 0.0000000 -0.0655035
1.4216731 -0.1941737 0.1099349 0.9978523 0.0000000 0.0000000 -0.0655035
1.4216532 -0.1941498 0.1099338 0.9978523 0.0000000 0.0000000 -0.0655035
1.4216332 -0.1941259 0.1099327 0.9978523 0.0000000 0.0000000 -0.0655035
1.4216132 -0.1941020 0.1099317 0.9978523 0.0000000 0.0000000 -0.0655035
1.4215933 -0.1940781 0.1099306 0.9978523 0.0000000 0.0000000 -0.0655035
1.4215733 -0.1940542 0.1099295 0.9978523 0.0000000 0.0000000 -0.0655035
1.4215838 -0.1940292 0.1099307 0.9978523 0.0000000 0.0000000 -0.0655035
1.4216200 -0.1940034 0.1099338 0.9978523 0.0000000 0.0000000 -0.0655035
1.4216562 -0.1939775 0.1099369 0.9978523 0.0000000 0.0000000 -0.0655035
1.4216925 -0.1939516 0.1099401 0.9978523 0.0000000 0.0000000 -0.0655035
1.4217287 -0.1939258 0.1099432 0.9978523 0.0000000 0.0000000 -0.0655035
1.4217649 -0.1938999 0.1099463 0.9978523 0.0000000 0.0000000 -0.0655035
1.4218011 -0.1938741 0.1099494 0.9978523 0.0000000 0.0000000 -0.0655035
1.4218374 -0.1938482 0.1099526 0.9978523 0.0000000 0.0000000 -0.0655035
1.4218736 -0.1938224 0.1099557 0.9978523 0.0000000 0.0000000 -0.0655035
1.4219098 -0.1937965 0.1099588 0.9978523 0.0000000 0.0000000 -0.0655035
1.4219461 -0.1937706 0.1099620 0.9978523 0.0000000 0.0000000 -0.0655035
1.4219823 -0.1937448 0.1099651 0.9978523 0.0000000 0.0000000 -0.0655035
1.4220185 -0.1937189 0.1099682 0.9978523 0.0000000 0.0000000 -0.0655035
1.4220548 -0.1936931 0.1099714 0.9978523 0.0000000 0.0000000 -0.0655035
1.4220910 -0.1936672 0.1099745 0.9978523 0.0000000 0.0000000 -0.0655035
1.4221272 -0.1936414 0.1099776 0.9978523 0.0000000 0.0000000 -0.0655035
1.4221634 -0.1936155 0.1099808 0.9978523 0.0000000 0.0000000 -0.0655035
1.4221997 -0.1935896 0.1099839 0.9978523 0.0000000 0.0000000 -0.0655035
1.4222359 -0.1935638 0.1099870 0.9978523 0.0000000 0.0000000 -0.0655035
1.4222721 -0.1935379 0.1099902 0.9978523 0.0000000 0.0000000 -0.0655035
1.4223084 -0.1935121 0.1099933 0.9978523 0.0000000 0.0000000 -0.0655035
1.4223446 -0.1934862 0.1099964 0.9978523 0.0000000 0.0000000 -0.0655035
1.4223808 -0.1934603 0.1099996 0.9978523 0.0000000 0.0000000 -0.0655035
1.4224171 -0.1934345 0.1100027 0.9978523 0.0000000 0.0000000 -0.0655035
1.4224533 -0.1934086 0.1100058 0.9978523 0.0000000 0.0000000 -0.0655035
1.4224895 -0.1933828 0.1100090 0.9978523 0.0000000 0.0000000 -0.0655035
1.4225257 -0.1933569 0.1100121 0.9978523 0.0000000 0.0000000 -0.0655035
1.4225620 -0.1933311 0.1100152 0.9978523 0.0000000 0.0000000 -0.0655035
1.4225982 -0.1933052 0.1100183 0.9978523 0.0000000 0.0000000 -0.0655035
1.4226344 -0.1932793 0.1100215 0.9978523 0.0000000 0.0000000 -0.0655035
1.4226784 -0.1932478 0.1100247 0.9978523 0.0000000 0.0000000 -0.0655035
1.4227305 -0.1932104 0.1100281 0.9978523 0.0000000 0.0000000 -0.0655035
1.4227825 -0.1931730 0.1100315 0.9978523 0.0000000 0.0000000 -0.0655035
1.4228345 -0.1931356 0.1100349 0.9978523 0.0000000 0.0000000 -0.0655035
1.4228866 -0.1930982 0.1100383 0.9978523 0.0000000 0.0000000 -0.0655035
1.4229386 -0.1930608 0.1100417 0.9978523 0.0000000 0.0000000 -0.0655035
1.4230011 -0.1930158 0.1100453 0.9978523 0.0000000 0.0000000 -0.0655035
1.4230750 -0.1929624 0.1100491 0.9978523 0.0000000 0.0000000 -0.0655035
1.4231488 -0.1929091 0.1100529 0.9978523 0.0000000 0.0000000 -0.0655035
1.4232227 -0.1928557 0.1100566 0.9978523 0.0000000 0.0000000 -0.0655035
1.4232966 -0.1928024 0.1100604 0.9978523 0.0000000 0.0000000 -0.0655035
1.4233704 -0.1927490 0.1100642 0.9978523 0.0000000 0.0000000 -0.0655035
1.4234443 -0.1926957 0.1100679 0.9978523 0.0000000 0.0000000 -0.0655035
1.4235182 -0.1926423 0.1100717 0.9978523 0.0000000 0.0000000 -0.0655035
1.4235920 -0.1925890 0.1100755 0.9978523 0.0000000 0.0000000 -0.0655035
1.4236659 -0.1925356 0.1100793 0.9978523 0.0000000 0.0000000 -0.0655035
1.4237398 -0.1924823 0.1100830 0.9978523 0.0000000 0.0000000 -0.0655035
1.4238137 -0.1924289 0.1100868 0.9978523 0.0000000 0.0000000 -0.0655035
1.4238875 -0.1923756 0.1100906 0.9978523 0.0000000 0.0000000 -0.0655035
1.4239614 -0.1923222 0.1100943 0.9978523 0.0000000 0.0000000 -0.0655035
1.4240353 -0.1922689 0.1100981 0.9978523 0.0000000 0.0000000 -0.0655035
1.4241091 -0.1922155 0.1101019 0.9978523 0.0000000 0.0000000 -0.0655035
1.4241830 -0.1921622 0.1101057 0.9978523 0.0000000 0.0000000 -0.0655035
1.4242569 -0.1921088 0.1101094 0.9978523 0.0000000 0.0000000 -0.0655035
1.4243307 -0.1920555 0.1101132 0.9978523 0.0000000 0.0000000 -0.0655035
1.4244046 -0.1920021 0.1101170 0.9978523 0.0000000 0.0000000 -0.0655035
1.4244785 -0.1919488 0.1101207 0.9978523 0.0000000 0.0000000 -0.0655035
1.4245523 -0.1918954 0.1101245 0.9978523 0.0000000 0.0000000 -0.0655035
1.4246262 -0.1918421 0.1101283 0.9978523 0.0000000 0.0000000 -0.0655035
1.4247001 -0.1917887 0.1101320 0.9978523 0.0000000 0.0000000 -0.0655035
1.4247739 -0.1917354 0.1101358 0.9978523 0.0000000 0.0000000 -0.0655035
1.4248478 -0.1916820 0.1101396 0.9978523 0.0000000 0.0000000 -0.0655035
1.4249217 -0.1916287 0.1101434 0.9978523 0.0000000 0.0000000 -0.0655035
1.4249955 -0.1915753 0.1101471 0.9978523 0.0000000 0.0000000 -0.0655035
1.4250694 -0.1915220 0.1101509 0.9978523 0.0000000 0.0000000 -0.0655035
1.4251433 -0.1914686 0.1101547 0.9978523 0.0000000 0.0000000 -0.0655035
1.4252364 -0.1914180 0.1101592 0.9978523 0.0000000 0.0000000 -0.0655035
1.4253553 -0.1913711 0.1101649 0.9978523 0.0000000 0.0000000 -0.0655035
1.4254741 -0.1913241 0.1101705 0.9978523 0.0000000 0.0000000 -0.0655035
1.4255930 -0.1912772 0.1101761 0.9978523 0.0000000 0.0000000 -0.0655035
1.4257118 -0.1912302 0.1101817 0.9978523 0.0000000 0.0000000 -0.0655035
1.4258307 -0.1911833 0.1101873 0.9978523 0.0000000 0.0000000 -0.0655035
1.4259756 -0.1911401 0.1101940 0.9978523 0.0000000 0.0000000 -0.0655035
1.4261565 -0.1911020 0.1102022 0.9978523 0.0000000 0.0000000 -0.0655035
1.4263375 -0.1910639 0.1102104 0.9978523 0.0000000 0.0000000 -0.0655035
1.4265185 -0.1910258 0.1102185 0.9978523 0.0000000 0.0000000 -0.0655035
1.4266995 -0.1909877 0.1102267 0.9978523 0.0000000 0.0000000 -0.0655035
1.4268805 -0.1909496 0.1102349 0.9978523 0.0000000 0.0000000 -0.0655035
1.4270615 -0.1909115 0.1102430 0.9978523 0.0000000 0.0000000 -0.0655035
1.4272425 -0.1908734 0.1102512 0.9978523 0.0000000 0.0000000 -0.0655035
1.4274235 -0.1908353 0.1102594 0.9978523 0.0000000 0.0000000 -0.0655035
1.4276044 -0.1907972 0.1102675 0.9978523 0.0000000 0.0000000 -0.0655035
1.4277854 -0.1907591 0.1102757 0.9978523 0.0000000 0.0000000 -0.0655035
1.4279664 -0.1907210 0.1102839 0.9978523 0.0000000 0.0000000 -0.0655035
1.4281474 -0.1906829 0.1102921 0.9978523 0.0000000 0.0000000 -0.0655035
1.4283284 -0.1906448 0.1103002 0.9978523 0.0000000 0.0000000 -0.0655035
1.4285094 -0.1906067 0.1103084 0.9978523 0.0000000 0.0000000 -0.0655035
1.4286904 -0.1905686 0.1103166 0.9978523 0.0000000 0.0000000 -0.0655035
1.4288713 -0.1905305 0.1103247 0.9978523 0.0000000 0.0000000 -0.0655035
1.4290523 -0.1904924 0.1103329 0.9978523 0.0000000 0.0000000 -0.0655035
1.4292333 -0.1904543 0.1103411 0.9978523 0.0000000 0.0000000 -0.0655035
1.4294143 -0.1904162 0.1103492 0.9978523 0.0000000 0.0000000 -0.0655035
1.4295953 -0.1903781 0.1103574 0.9978523 0.0000000 0.0000000 -0.0655035
1.4297763 -0.1903400 0.1103656 0.9978523 0.0000000 0.0000000 -0.0655035
1.4299573 -0.1903019 0.1103738 0.9978523 0.0000000 0.0000000 -0.0655035
1.4301383 -0.1902638 0.1103819 0.9978523 0.0000000 0.0000000 -0.0655035
1.4303192 -0.1902257 0.1103901 0.9978523 0.0000000 0.0000000 -0.0655035
1.4305002 -0.1901876 0.1103983 0.9978523 0.0000000 0.0000000 -0.0655035
1.4306812 -0.1901495 0.1104064 0.9978523 0.0000000 0.0000000 -0.0655035
1.4308622 -0.1901114 0.1104146 0.9978523 0.0000000 0.0000000 -0.0655035
1.4310432 -0.1900733 0.1104228 0.9978523 0.0000000 0.0000000 -0.0655035
1.4312242 -0.1900352 0.1104309 0.9978523 0.0000000 0.0000000 -0.0655035
1.4314151 -0.1899934 0.1104397 0.9978523 0.0000000 0.0000000 -0.0655035
1.4316232 -0.1899454 0.1104494 0.9978523 0.0000000 0.0000000 -0.0655035
1.4318312 -0.1898973 0.1104592 0.9978523 0.0000000 0.0000000 -0.0655035
1.4320393 -0.1898493 0.1104690 0.9978523 0.0000000 0.0000000 -0.0655035
1.4322473 -0.1898013 0.1104787 0.9978523 0.0000000 0.0000000 -0.0655035
1.4324554 -0.1897532 0.1104885 0.9978523 0.0000000 0.0000000 -0.0655035
1.4326767 -0.1897003 0.1104990 0.9978523 0.0000000 0.0000000 -0.0655035
1.4329222 -0.1896385 0.1105109 0.9978523 0.0000000 0.0000000 -0.0655035
1.4331676 -0.1895768 0.1105229 0.9978523 0.0000000 0.0000000 -0.0655035
1.4334130 -0.1895150 0.1105348 0.9978523 0.0000000 0.0000000 -0.0655035
1.4336584 -0.1894533 0.1105468 0.9978523 0.0000000 0.0000000 -0.0655035
1.4339038 -0.1893915 0.1105587 0.9978523 0.0000000 0.0000000 -0.0655035
1.4341493 -0.1893297 0.1105706 0.9978523 0.0000000 0.0000000 -0.0655035
1.4343947 -0.1892680 0.1105826 0.9978523 0.0000000 0.0000000 -0.0655035
1.4346401 -0.1892062 0.1105945 0.9978523 0.0000000 0.0000000 -0.0655035
1.4348855 -0.1891445 0.1106065 0.9978523 0.0000000 0.0000000 -0.0655035
1.4351310 -0.1890827 0.1106184 0.9978523 0.0000000 0.0000000 -0.0655035
1.4353764 -0.1890210 0.1106303 0.9978523 0.0000000 0.0000000 -0.0655035
1.4356218 -0.1889592 0.1106423 0.9978523 0.0000000 0.0000000 -0.0655035
1.4358672 -0.1888974 0.1106542 0.9978523 0.0000000 0.0000000 -0.0655035
1.4361126 -0.1888357 0.1106662 0.9978523 0.0000000 0.0000000 -0.0655035
1.4363581 -0.1887739 0.1106781 0.9978523 0.0000000 0.0000000 -0.0655035
1.4366035 -0.1887122 0.1106900 0.9978523 0.0000000 0.0000000 -0.0655035
1.4368489 -0.1886504 0.1107020 0.9978523 0.0000000 0.0000000 -0.0655035
1.4370943 -0.1885886 0.1107139 0.9978523 0.0000000 0.0000000 -0.0655035
1.4373397 -0.1885269 0.1107259 0.9978523 0.0000000 0.0000000 -0.0655035
1.4375852 -0.1884651 0.1107378 0.9978523 0.0000000 0.0000000 -0.0655035
1.4378306 -0.1884034 0.1107497 0.9978523 0.0000000 0.0000000 -0.0655035
1.4380760 -0.1883416 0.1107617 0.9978523 0.0000000 0.0000000 -0.0655035
1.4383214 -0.1882799 0.1107736 0.9978523 0.0000000 0.0000000 -0.0655035
1.4385668 -0.1882181 0.1107856 0.9978523 0.0000000 0.0000000 -0.0655035
1.4388123 -0.1881563 0.1107975 0.9978523 0.0000000 0.0000000 -0.0655035
1.4390577 -0.1880946 0.1108095 0.9978523 0.0000000 0.0000000 -0.0655035
1.4393031 -0.1880328 0.1108214 0.9978523 0.0000000 0.0000000 -0.0655035
1.4395485 -0.1879711 0.1108333 0.9978523 0.0000000 0.0000000 -0.0655035
1.4397939 -0.1879093 0.1108453 0.9978523 0.0000000 0.0000000 -0.0655035
1.4400455 -0.1878419 0.1108576 0.9978523 0.0000000 0.0000000 -0.0655035
1.4403108 -0.1877619 0.1108709 0.9978523 0.0000000 0.0000000 -0.0655035
1.4405761 -0.1876818 0.1108841 0.9978523 0.0000000 0.0000000 -0.0655035
1.4408415 -0.1876018 0.1108974 0.9978523 0.0000000 0.0000000 -0.0655035
1.4411068 -0.1875217 0.1109107 0.9978523 0.0000000 0.0000000 -0.0655035
1.4413722 -0.1874417 0.1109239 0.9978523 0.0000000 0.0000000 -0.0655035
1.4416457 -0.1873541 0.1109377 0.9978523 0.0000000 0.0000000 -0.0655035
1.4419385 -0.1872488 0.1109528 0.9978523 0.0000000 0.0000000 -0.0655035
1.4422314 -0.1871435 0.1109679 0.9978523 0.0000000 0.0000000 -0.0655035
1.4425242 -0.1870382 0.1109830 0.9978523 0.0000000 0.0000000 -0.0655035
1.4428171 -0.1869328 0.1109981 0.9978523 0.0000000 0.0000000 -0.0655035
1.4431100 -0.1868275 0.1110131 0.9978523 0.0000000 0.0000000 -0.0655035
1.4434028 -0.1867222 0.1110282 0.9978523 0.0000000 0.0000000 -0.0655035
1.4436957 -0.1866169 0.1110433 0.9978523 0.0000000 0.0000000 -0.0655035
1.4439886 -0.1865116 0.1110584 0.9978523 0.0000000 0.0000000 -0.0655035
1.4442814 -0.1864062 0.1110735 0.9978523 0.0000000 0.0000000 -0.0655035
1.4445743 -0.1863009 0.1110886 0.9978523 0.0000000 0.0000000 -0.0655035
1.4448671 -0.1861956 0.1111036 0.9978523 0.0000000 0.0000000 -0.0655035
1.4451600 -0.1860903 0.1111187 0.9978523 0.0000000 0.0000000 -0.0655035
1.4454529 -0.1859849 0.1111338 0.9978523 0.0000000 0.0000000 -0.0655035
1.4457457 -0.1858796 0.1111489 0.9978523 0.0000000 0.0000000 -0.0655035
1.4460386 -0.1857743 0.1111640 0.9978523 0.0000000 0.0000000 -0.0655035
1.4463314 -0.1856690 0.1111790 0.9978523 0.0000000 0.0000000 -0.0655035
1.4466243 -0.1855636 0.1111941 0.9978523 0.0000000 0.0000000 -0.0655035
1.4469172 -0.1854583 0.1112092 0.9978523 0.0000000 0.0000000 -0.0655035
1.4472100 -0.1853530 0.1112243 0.9978523 0.0000000 0.0000000 -0.0655035
1.4475029 -0.1852477 0.1112394 0.9978523 0.0000000 0.0000000 -0.0655035
1.4477957 -0.1851423 0.1112545 0.9978523 0.0000000 0.0000000 -0.0655035
1.4480886 -0.1850370 0.1112695 0.9978523 0.0000000 0.0000000 -0.0655035
1.4483815 -0.1849317 0.1112846 0.9978523 0.0000000 0.0000000 -0.0655035
1.4486743 -0.1848264 0.1112997 0.9978523 0.0000000 0.0000000 -0.0655035
1.4489672 -0.1847211 0.1113148 0.9978523 0.0000000 0.0000000 -0.0655035
1.4492600 -0.1846157 0.1113299 0.9978523 0.0000000 0.0000000 -0.0655035
1.4495529 -0.1845104 0.1113450 0.9978523 0.0000000 0.0000000 -0.0655035
1.4498458 -0.1844051 0.1113600 0.9978523 0.0000000 0.0000000 -0.0655035
1.4501386 -0.1842998 0.1113751 0.9978523 0.0000000 0.0000000 -0.0655035
1.4504304 -0.1841909 0.1113901 0.9978523 0.0000000 0.0000000 -0.0655035
1.4507187 -0.1840711 0.1114047 0.9978523 0.0000000 0.0000000 -0.0655035
1.4510070 -0.1839514 0.1114192 0.9978523 0.0000000 0.0000000 -0.0655035
1.4512954 -0.1838316 0.1114338 0.9978523 0.0000000 0.0000000 -0.0655035
1.4515837 -0.1837119 0.1114484 0.9978523 0.0000000 0.0000000 -0.0655035
1.4518720 -0.1835921 0.1114630 0.9978523 0.0000000 0.0000000 -0.0655035
1.4521589 -0.1834677 0.1114774 0.9978523 0.0000000 0.0000000 -0.0655035
1.4524410 -0.1833280 0.1114912 0.9978523 0.0000000 0.0000000 -0.0655035
1.4527230 -0.1831883 0.1115051 0.9978523 0.0000000 0.0000000 -0.0655035
1.4530051 -0.1830486 0.1115190 0.9978523 0.0000000 0.0000000 -0.0655035
1.4532872 -0.1829089 0.1115329 0.9978523 0.0000000 0.0000000 -0.0655035
1.4535692 -0.1827692 0.1115467 0.9978523 0.0000000 0.0000000 -0.0655035
1.4538513 -0.1826295 0.1115606 0.9978523 0.0000000 0.0000000 -0.0655035
1.4541334 -0.1824898 0.1115745 0.9978523 0.0000000 0.0000000 -0.0655035
1.4544154 -0.1823501 0.1115883 0.9978523 0.0000000 0.0000000 -0.0655035
1.4546975 -0.1822104 0.1116022 0.9978523 0.0000000 0.0000000 -0.0655035
1.4549796 -0.1820707 0.1116161 0.9978523 0.0000000 0.0000000 -0.0655035
1.4552617 -0.1819310 0.1116300 0.9978523 0.0000000 0.0000000 -0.0655035
1.4555437 -0.1817914 0.1116438 0.9978523 0.0000000 0.0000000 -0.0655035
1.4558258 -0.1816517 0.1116577 0.9978523 0.0000000 0.0000000 -0.0655035
1.4561079 -0.1815120 0.1116716 0.9978523 0.0000000 0.0000000 -0.0655035
1.4563899 -0.1813723 0.1116855 0.9978523 0.0000000 0.0000000 -0.0655035
1.4566720 -0.1812326 0.1116993 0.9978523 0.0000000 0.0000000 -0.0655035
1.4569541 -0.1810929 0.1117132 0.9978523 0.0000000 0.0000000 -0.0655035
1.4572362 -0.1809532 0.1117271 0.9978523 0.0000000 0.0000000 -0.0655035
1.4575182 -0.1808135 0.1117409 0.9978523 0.0000000 0.0000000 -0.0655035
1.4578003 -0.1806738 0.1117548 0.9978523 0.0000000 0.0000000 -0.0655035
1.4580824 -0.1805341 0.1117687 0.9978523 0.0000000 0.0000000 -0.0655035
1.4583644 -0.1803944 0.1117826 0.9978523 0.0000000 0.0000000 -0.0655035
1.4586465 -0.1802547 0.1117964 0.9978523 0.0000000 0.0000000 -0.0655035
1.4589286 -0.1801150 0.1118103 0.9978523 0.0000000 0.0000000 -0.0655035
1.4592107 -0.1799753 0.1118242 0.9978523 0.0000000 0.0000000 -0.0655035
1.4594927 -0.1798356 0.1118380 0.9978523 0.0000000 0.0000000 -0.0655035
1.4597748 -0.1796959 0.1118519 0.9978523 0.0000000 0.0000000 -0.0655035
1.4600569 -0.1795563 0.1118658 0.9978523 0.0000000 0.0000000 -0.0655035
1.4603389 -0.1794166 0.1118797 0.9978523 0.0000000 0.0000000 -0.0655035
1.4606253 -0.1792760 0.1118933 0.9978523 0.0000000 0.0000000 -0.0655035
1.4609305 -0.1791313 0.1119061 0.9978523 0.0000000 0.0000000 -0.0655035
1.4612357 -0.1789867 0.1119188 0.9978523 0.0000000 0.0000000 -0.0655035
1.4615409 -0.1788421 0.1119315 0.9978523 0.0000000 0.0000000 -0.0655035
1.4618461 -0.1786975 0.1119442 0.9978523 0.0000000 0.0000000 -0.0655035
1.4621513 -0.1785529 0.1119570 0.9978523 0.0000000 0.0000000 -0.0655035
1.4624616 -0.1784072 0.1119694 0.9978523 0.0000000 0.0000000 -0.0655035
1.4627962 -0.1782563 0.1119807 0.9978523 0.0000000 0.0000000 -0.0655035
1.4631309 -0.1781055 0.1119920 0.9978523 0.0000000 0.0000000 -0.0655035
1.4634655 -0.1779546 0.1120033 0.9978523 0.0000000 0.0000000 -0.0655035
1.4638002 -0.1778037 0.1120145 0.9978523 0.0000000 0.0000000 -0.0655035
1.4641348 -0.1776528 0.1120258 0.9978523 0.0000000 0.0000000 -0.0655035
1.4644695 -0.1775020 0.1120371 0.9978523 0.0000000 0.0000000 -0.0655035
1.4648041 -0.1773511 0.1120484 0.9978523 0.0000000 0.0000000 -0.0655035
1.4651388 -0.1772002 0.1120596 0.9978523 0.0000000 0.0000000 -0.0655035
1.4654734 -0.1770493 0.1120709 0.9978523 0.0000000 0.0000000 -0.0655035
1.4658081 -0.1768985 0.1120822 0.9978523 0.0000000 0.0000000 -0.0655035
1.4661427 -0.1767476 0.1120935 0.9978523 0.0000000 0.0000000 -0.0655035
1.4664774 -0.1765967 0.1121047 0.9978523 0.0000000 0.0000000 -0.0655035
1.4668120 -0.1764458 0.1121160 0.9978523 0.0000000 0.0000000 -0.0655035
1.4671467 -0.1762950 0.1121273 0.9978523 0.0000000 0.0000000 -0.0655035
1.4674813 -0.1761441 0.1121386 0.9978523 0.0000000 0.0000000 -0.0655035
1.4678160 -0.1759932 0.1121498 0.9978523 0.0000000 0.0000000 -0.0655035
1.4681506 -0.1758423 0.1121611 0.9978523 0.0000000 0.0000000 -0.0655035
1.4684852 -0.1756915 0.1121724 0.9978523 0.0000000 0.0000000 -0.0655035
1.4688199 -0.1755406 0.1121837 0.9978523 0.0000000 0.0000000 -0.0655035
1.4691545 -0.1753897 0.1121949 0.9978523 0.0000000 0.0000000 -0.0655035
1.4694892 -0.1752389 0.1122062 0.9978523 0.0000000 0.0000000 -0.0655035
1.4698238 -0.1750880 0.1122175 0.9978523 0.0000000 0.0000000 -0.0655035
1.4701585 -0.1749371 0.1122288 0.9978523 0.0000000 0.0000000 -0.0655035
1.4704931 -0.1747862 0.1122400 0.9978523 0.0000000 0.0000000 -0.0655035
1.4708278 -0.1746354 0.1122513 0.9978523 0.0000000 0.0000000 -0.0655035
1.4711624 -0.1744845 0.1122626 0.9978523 0.0000000 0.0000000 -0.0655035
1.4714971 -0.1743336 0.1122739 0.9978523 0.0000000 0.0000000 -0.0655035
1.4718317 -0.1741827 0.1122851 0.9978523 0.0000000 0.0000000 -0.0655035
1.4721664 -0.1740319 0.1122964 0.9978523 0.0000000 0.0000000 -0.0655035
1.4724955 -0.1738848 0.1123070 0.9978523 0.0000000 0.0000000 -0.0655035
1.4727852 -0.1737650 0.1123131 0.9978523 0.0000000 0.0000000 -0.0655035
1.4730748 -0.1736451 0.1123191 0.9978523 0.0000000 0.0000000 -0.0655035
1.4733645 -0.1735253 0.1123251 0.9978523 0.0000000 0.0000000 -0.0655035
1.4736541 -0.1734055 0.1123311 0.9978523 0.0000000 0.0000000 -0.0655035
1.4739437 -0.1732856 0.1123371 0.9978523 0.0000000 0.0000000 -0.0655035
1.4742264 -0.1731706 0.1123423 0.9978523 0.0000000 0.0000000 -0.0655035
1.4744539 -0.1730937 0.1123410 0.9978523 0.0000000 0.0000000 -0.0655035
1.4746814 -0.1730167 0.1123398 0.9978523 0.0000000 0.0000000 -0.0655035
1.4749089 -0.1729397 0.1123385 0.9978523 0.0000000 0.0000000 -0.0655035
1.4751365 -0.1728628 0.1123373 0.9978523 0.0000000 0.0000000 -0.0655035
1.4753640 -0.1727858 0.1123360 0.9978523 0.0000000 0.0000000 -0.0655035
1.4755915 -0.1727088 0.1123348 0.9978523 0.0000000 0.0000000 -0.0655035
1.4758190 -0.1726319 0.1123335 0.9978523 0.0000000 0.0000000 -0.0655035
1.4760465 -0.1725549 0.1123322 0.9978523 0.0000000 0.0000000 -0.0655035
1.4762740 -0.1724779 0.1123310 0.9978523 0.0000000 0.0000000 -0.0655035
1.4765015 -0.1724010 0.1123297 0.9978523 0.0000000 0.0000000 -0.0655035
1.4767290 -0.1723240 0.1123285 0.9978523 0.0000000 0.0000000 -0.0655035
1.4769565 -0.1722471 0.1123272 0.9978523 0.0000000 0.0000000 -0.0655035
1.4771840 -0.1721701 0.1123260 0.9978523 0.0000000 0.0000000 -0.0655035
1.4774115 -0.1720931 0.1123247 0.9978523 0.0000000 0.0000000 -0.0655035
1.4776391 -0.1720162 0.1123234 0.9978523 0.0000000 0.0000000 -0.0655035
1.4778666 -0.1719392 0.1123222 0.9978523 0.0000000 0.0000000 -0.0655035
1.4780941 -0.1718622 0.1123209 0.9978523 0.0000000 0.0000000 -0.0655035
1.4783216 -0.1717853 0.1123197 0.9978523 0.0000000 0.0000000 -0.0655035
1.4785491 -0.1717083 0.1123184 0.9978523 0.0000000 0.0000000 -0.0655035
1.4787766 -0.1716313 0.1123172 0.9978523 0.0000000 0.0000000 -0.0655035
1.4790041 -0.1715544 0.1123159 0.9978523 0.0000000 0.0000000 -0.0655035
1.4792316 -0.1714774 0.1123146 0.9978523 0.0000000 0.0000000 -0.0655035
1.4794591 -0.1714005 0.1123134 0.9978523 0.0000000 0.0000000 -0.0655035
1.4796866 -0.1713235 0.1123121 0.9978523 0.0000000 0.0000000 -0.0655035
1.4799141 -0.1712465 0.1123109 0.9978523 0.0000000 0.0000000 -0.0655035
1.4801416 -0.1711696 0.1123096 0.9978523 0.0000000 0.0000000 -0.0655035
1.4803692 -0.1710926 0.1123084 0.9978523 0.0000000 0.0000000 -0.0655035
1.4805967 -0.1710156 0.1123071 0.9978523 0.0000000 0.0000000 -0.0655035
1.4808242 -0.1709387 0.1123058 0.9978523 0.0000000 0.0000000 -0.0655035
1.4810447 -0.1708630 0.1123046 0.9978523 0.0000000 0.0000000 -0.0655035
1.4811588 -0.1708070 0.1123039 0.9978523 0.0000000 0.0000000 -0.0655035
1.4812728 -0.1707511 0.1123032 0.9978523 0.0000000 0.0000000 -0.0655035
1.4813869 -0.1706951 0.1123024 0.9978523 0.0000000 0.0000000 -0.0655035
1.4815009 -0.1706391 0.1123017 0.9978523 0.0000000 0.0000000 -0.0655035
1.4816150 -0.1705832 0.1123010 0.9978523 0.0000000 0.0000000 -0.0655035
1.4817210 -0.1705287 0.1123003 0.9978523 0.0000000 0.0000000 -0.0655035
1.4816784 -0.1705017 0.1123003 0.9978523 0.0000000 0.0000000 -0.0655035
1.4816357 -0.1704747 0.1123003 0.9978523 0.0000000 0.0000000 -0.0655035
1.4815931 -0.1704478 0.1123003 0.9978523 0.0000000 0.0000000 -0.0655035
1.4815505 -0.1704208 0.1123003 0.9978523 0.0000000 0.0000000 -0.0655035
1.4815078 -0.1703938 0.1123003 0.9978523 0.0000000 0.0000000 -0.0655035
1.4814652 -0.1703668 0.1123003 0.9978523 0.0000000 0.0000000 -0.0655035
1.4814225 -0.1703399 0.1123003 0.9978523 0.0000000 0.0000000 -0.0655035
1.4813799 -0.1703129 0.1123003 0.9978523 0.0000000 0.0000000 -0.0655035
1.4813373 -0.1702859 0.1123003 0.9978523 0.0000000 0.0000000 -0.0655035
1.4812946 -0.1702589 0.1123003 0.9978523 0.0000000 0.0000000 -0.0655035
1.4812520 -0.1702320 0.1123003 0.9978523 0.0000000 0.0000000 -0.0655035
1.4812093 -0.1702050 0.1123003 0.9978523 0.0000000 0.0000000 -0.0655035
1.4811667 -0.1701780 0.1123003 0.9978523 0.0000000 0.0000000 -0.0655035
1.4811240 -0.1701511 0.1123003 0.9978523 0.0000000 0.0000000 -0.0655035
1.4810814 -0.1701241 0.1123003 0.9978523 0.0000000 0.0000000 -0.0655035
1.4810388 -0.1700971 0.1123003 0.9978523 0.0000000 0.0000000 -0.0655035
1.4809961 -0.1700701 0.1123003 0.9978523 0.0000000 0.0000000 -0.0655035
1.4809535 -0.1700432 0.1123003 0.9978523 0.0000000 0.0000000 -0.0655035
1.4809108 -0.1700162 0.1123003 0.9978523 0.0000000 0.0000000 -0.0655035
1.4808682 -0.1699892 0.1123003 0.9978523 0.0000000 0.0000000 -0.0655035
1.4808256 -0.1699623 0.1123003 0.9978523 0.0000000 0.0000000 -0.0655035
1.4807829 -0.1699353 0.1123003 0.9978523 0.0000000 0.0000000 -0.0655035
1.4807403 -0.1699083 0.1123003 0.9978523 0.0000000 0.0000000 -0.0655035
1.4806976 -0.1698813 0.1123003 0.9978523 0.0000000 0.0000000 -0.0655035
1.4806550 -0.1698544 0.1123003 0.9978523 0.0000000 0.0000000 -0.0655035
1.4806124 -0.1698274 0.1123003 0.9978523 0.0000000 0.0000000 -0.0655035
1.4805697 -0.1698004 0.1123003 0.9978523 0.0000000 0.0000000 -0.0655035
1.4805271 -0.1697735 0.1123003 0.9978523 0.0000000 0.0000000 -0.0655035
1.4804844 -0.1697465 0.1123003 0.9978523 0.0000000 0.0000000 -0.0655035
1.4804418 -0.1697195 0.1123003 0.9978523 0.0000000 0.0000000 -0.0655035
