-1.4665166 0.7670000 0.5406587 0.9999059 -0.0007142 0.0000098 0.0136992
-1.4663174 0.7670824 0.5406540 0.9999096 -0.0007211 0.0000097 0.0134103
-1.4661182 0.7671647 0.5406492 0.9999133 -0.0007280 0.0000095 0.0131213
-1.4659190 0.7672471 0.5406445 0.9999170 -0.0007350 0.0000094 0.0128323
-1.4657198 0.7673295 0.5406398 0.9999207 -0.0007419 0.0000093 0.0125434
-1.4655206 0.7674118 0.5406350 0.9999244 -0.0007489 0.0000092 0.0122544
-1.4653214 0.7674942 0.5406303 0.9999281 -0.0007558 0.0000090 0.0119654
-1.4651222 0.7675765 0.5406256 0.9999313 -0.0007627 0.0000089 0.0116786
-1.4649230 0.7676589 0.5406208 0.9999345 -0.0007696 0.0000088 0.0113920
-1.4647238 0.7677413 0.5406161 0.9999377 -0.0007765 0.0000086 0.0111054
-1.4645245 0.7678236 0.5406114 0.9999408 -0.0007834 0.0000085 0.0108187
-1.4643253 0.7679060 0.5406066 0.9999440 -0.0007903 0.0000083 0.0105321
-1.4641261 0.7679884 0.5406019 0.9999472 -0.0007971 0.0000082 0.0102455
-1.4639269 0.7680707 0.5405972 0.9999499 -0.0008040 0.0000080 0.0099608
-1.4637277 0.7681531 0.5405924 0.9999525 -0.0008108 0.0000078 0.0096765
-1.4635285 0.7682354 0.5405877 0.9999552 -0.0008176 0.0000077 0.0093922
-1.4633293 0.7683178 0.5405830 0.9999578 -0.0008245 0.0000075 0.0091079
-1.4631301 0.7684002 0.5405782 0.9999605 -0.0008313 0.0000073 0.0088235
-1.4629309 0.7684825 0.5405735 0.9999631 -0.0008381 0.0000072 0.0085392
-1.4627317 0.7685649 0.5405688 0.9999654 -0.0008449 0.0000070 0.0082567
-1.4625324 0.7686473 0.5405640 0.9999675 -0.0008517 0.0000068 0.0079747
-1.4623332 0.7687296 0.5405593 0.9999697 -0.0008585 0.0000066 0.0076926
-1.4621340 0.7688120 0.5405546 0.9999718 -0.0008652 0.0000064 0.0074106
-1.4619348 0.7688943 0.5405498 0.9999740 -0.0008720 0.0000062 0.0071286
-1.4617356 0.7689767 0.5405451 0.9999761 -0.0008788 0.0000060 0.0068466
-1.4588989 0.7690395 0.5405419 0.9999779 -0.0008855 0.0000058 0.0065662
-1.4550221 0.7690946 0.5405394 0.9999795 -0.0008922 0.0000056 0.0062864
-1.4511452 0.7691497 0.5405368 0.9999812 -0.0008989 0.0000054 0.0060066
-1.4472684 0.7692048 0.5405343 0.9999828 -0.0009057 0.0000052 0.0057269
-1.4433915 0.7692599 0.5405317 0.9999845 -0.0009124 0.0000050 0.0054471
-1.4395147 0.7693150 0.5405291 0.9999861 -0.0009191 0.0000047 0.0051674
-1.4356378 0.7693701 0.5405266 0.9999875 -0.0009258 0.0000045 0.0048891
-1.4317610 0.7694252 0.5405240 0.9999887 -0.0009324 0.0000043 0.0046116
-1.4278841 0.7694802 0.5405215 0.9999898 -0.0009391 0.0000041 0.0043341
-1.4240073 0.7695353 0.5405189 0.9999910 -0.0009458 0.0000038 0.0040565
-1.4201304 0.7695904 0.5405164 0.9999922 -0.0009524 0.0000036 0.0037790
-1.4162536 0.7696455 0.5405138 0.9999933 -0.0009591 0.0000034 0.0035015
-1.4123767 0.7697006 0.5405112 0.9999943 -0.0009611 0.0000030 0.0031202
-1.4084999 0.7697557 0.5405087 0.9999953 -0.0009597 0.0000026 0.0026622
-1.4046230 0.7698108 0.5405061 0.9999962 -0.0009583 0.0000021 0.0022043
-1.4007462 0.7698659 0.5405036 0.9999971 -0.0009569 0.0000017 0.0017463
-1.3968693 0.7699210 0.5405010 0.9999980 -0.0009555 0.0000012 0.0012884
-1.3929925 0.7699761 0.5404985 0.9999989 -0.0009542 0.0000008 0.0008305
-1.3891157 0.7700312 0.5404959 0.9999992 -0.0009527 0.0000004 0.0003716
-1.3852388 0.7700863 0.5404933 0.9999988 -0.0009511 -0.0000001 -0.0000881
-1.3813620 0.7701414 0.5404908 0.9999985 -0.0009496 -0.0000005 -0.0005478
-1.3774851 0.7701964 0.5404882 0.9999981 -0.0009480 -0.0000009 -0.0010075
-1.3736083 0.7702515 0.5404857 0.9999977 -0.0009465 -0.0000014 -0.0014673
-1.3697314 0.7703066 0.5404831 0.9999974 -0.0009449 -0.0000018 -0.0019270
-1.3658546 0.7703617 0.5404806 0.9999965 -0.0009434 -0.0000022 -0.0023858
-1.3619777 0.7704168 0.5404780 0.9999948 -0.0009418 -0.0000027 -0.0028436
-1.3581009 0.7704719 0.5404754 0.9999932 -0.0009403 -0.0000031 -0.0033014
-1.3542240 0.7705270 0.5404729 0.9999915 -0.0009387 -0.0000035 -0.0037591
-1.3503472 0.7705821 0.5404703 0.9999899 -0.0009372 -0.0000039 -0.0042169
-1.3464703 0.7706372 0.5404678 0.9999883 -0.0009356 -0.0000044 -0.0046747
-1.3426210 0.7706913 0.5404652 0.9999862 -0.0009341 -0.0000048 -0.0051317
-1.3388196 0.7707436 0.5404627 0.9999833 -0.0009325 -0.0000052 -0.0055875
-1.3350183 0.7707960 0.5404601 0.9999804 -0.0009310 -0.0000056 -0.0060433
-1.3312170 0.7708483 0.5404576 0.9999775 -0.0009294 -0.0000060 -0.0064991
-1.3274157 0.7709007 0.5404550 0.9999746 -0.0009279 -0.0000064 -0.0069549
-1.3236144 0.7709530 0.5404525 0.9999717 -0.0009263 -0.0000069 -0.0074107
-1.3208974 0.7709661 0.5404500 0.9999675 -0.0009205 -0.0000073 -0.0079506
-1.3207975 0.7708843 0.5404479 0.9999601 -0.0009043 -0.0000078 -0.0086934
-1.3206976 0.7708025 0.5404457 0.9999527 -0.0008882 -0.0000083 -0.0094363
-1.3205978 0.7707206 0.5404435 0.9999453 -0.0008720 -0.0000088 -0.0101792
-1.3204979 0.7706388 0.5404413 0.9999379 -0.0008559 -0.0000093 -0.0109220
-1.3203980 0.7705570 0.5404392 0.9999305 -0.0008397 -0.0000097 -0.0116649
-1.3202982 0.7704752 0.5404370 0.9999223 -0.0008235 -0.0000102 -0.0124097
-1.3201983 0.7703934 0.5404348 0.9999114 -0.0008071 -0.0000106 -0.0131611
-1.3200984 0.7703116 0.5404327 0.9999005 -0.0007908 -0.0000109 -0.0139125
-1.3199986 0.7702297 0.5404305 0.9998896 -0.0007744 -0.0000112 -0.0146639
-1.3198987 0.7701479 0.5404283 0.9998787 -0.0007581 -0.0000116 -0.0154154
-1.3197988 0.7700661 0.5404262 0.9998678 -0.0007417 -0.0000119 -0.0161668
-1.3196989 0.7699843 0.5404240 0.9998132 -0.0006801 -0.0000101 -0.0179451
-1.3195991 0.7699025 0.5404218 0.9995143 -0.0003647 0.0000042 -0.0254740
-1.3194992 0.7698207 0.5404196 0.9992153 -0.0000493 0.0000184 -0.0330029
-1.3193993 0.7697388 0.5404175 0.9989163 0.0002660 0.0000327 -0.0405318
-1.3192995 0.7696570 0.5404153 0.9986174 0.0005814 0.0000470 -0.0480608
-1.3191996 0.7695752 0.5404131 0.9983184 0.0008967 0.0000612 -0.0555897
-1.3190997 0.7694934 0.5404110 0.9979803 0.0012159 0.0000786 -0.0632170
-1.3189999 0.7694116 0.5404088 0.9971970 0.0015783 0.0001313 -0.0719644
-1.3189000 0.7693298 0.5404066 0.9964137 0.0019407 0.0001840 -0.0807118
-1.3188001 0.7692479 0.5404045 0.9956305 0.0023031 0.0002366 -0.0894591
-1.3187003 0.7691661 0.5404023 0.9948472 0.0026655 0.0002893 -0.0982065
-1.3186004 0.7690843 0.5404001 0.9940639 0.0030279 0.0003420 -0.1069539
-1.3185005 0.7690025 0.5403979 0.9932610 0.0033925 0.0003961 -0.1157767
-1.3184007 0.7689207 0.5403958 0.9905436 0.0039754 0.0005811 -0.1319957
-1.3183008 0.7688389 0.5403936 0.9878262 0.0045583 0.0007662 -0.1482146
-1.3182009 0.7687570 0.5403914 0.9851088 0.0051412 0.0009513 -0.1644336
-1.3181010 0.7686752 0.5403893 0.9823914 0.0057241 0.0011364 -0.1806526
-1.3180012 0.7685934 0.5403871 0.9796739 0.0063070 0.0013214 -0.1968715
-1.3179013 0.7685116 0.5403849 0.9769565 0.0068900 0.0015065 -0.2130905
-1.3178014 0.7684298 0.5403828 0.9691075 0.0076582 0.0020118 -0.2389016
-1.3177016 0.7683479 0.5403806 0.9609274 0.0084384 0.0025378 -0.2653316
-1.3176017 0.7682661 0.5403784 0.9527472 0.0092186 0.0030638 -0.2917615
-1.3175018 0.7681843 0.5403762 0.9445671 0.0099987 0.0035898 -0.3181915
-1.3174020 0.7681025 0.5403741 0.9363870 0.0107789 0.0041157 -0.3446214
-1.3173021 0.7680207 0.5403719 0.9282069 0.0115591 0.0046417 -0.3710514
-1.3172430 0.7678913 0.5403719 0.9099114 0.0120661 0.0055543 -0.4054379
-1.3171901 0.7677546 0.5403722 0.8900869 0.0125317 0.0065253 -0.4410271
-1.3171371 0.7676180 0.5403725 0.8702624 0.0129974 0.0074964 -0.4766163
-1.3170842 0.7674814 0.5403728 0.8504379 0.0134630 0.0084674 -0.5122055
-1.3170313 0.7673448 0.5403731 0.8306134 0.0139287 0.0094385 -0.5477947
-1.3169784 0.7672082 0.5403735 0.8107889 0.0143944 0.0104095 -0.5833839
-1.3169262 0.7670707 0.5403738 0.7850997 0.0141905 0.0111305 -0.6137145
-1.3168742 0.7669330 0.5403742 0.7579257 0.0138172 0.0117882 -0.6427139
-1.3168222 0.7667952 0.5403745 0.7307517 0.0134438 0.0124459 -0.6717132
-1.3167703 0.7666575 0.5403749 0.7035777 0.0130704 0.0131037 -0.7007125
-1.3167183 0.7665198 0.5403753 0.6764038 0.0126971 0.0137614 -0.7297118
-1.3166663 0.7663820 0.5403756 0.6492298 0.0123237 0.0144191 -0.7587111
-1.3166144 0.7662443 0.5403760 0.6341445 0.0115078 0.0139091 -0.7725518
-1.3165624 0.7661066 0.5403764 0.6235925 0.0105259 0.0129613 -0.7807081
-1.3165104 0.7659689 0.5403767 0.6130405 0.0095441 0.0120135 -0.7888644
-1.3164584 0.7658311 0.5403771 0.6024885 0.0085622 0.0110656 -0.7970207
-1.3164065 0.7656934 0.5403775 0.5919365 0.0075803 0.0101178 -0.8051769
-1.3163545 0.7655557 0.5403778 0.5813845 0.0065984 0.0091700 -0.8133332
-1.3163025 0.7654179 0.5403782 0.5733667 0.0059069 0.0083950 -0.8190917
-1.3162505 0.7652802 0.5403786 0.5666744 0.0053674 0.0077104 -0.8235960
-1.3161986 0.7651425 0.5403789 0.5599822 0.0048278 0.0070258 -0.8281003
-1.3161466 0.7650047 0.5403793 0.5532899 0.0042883 0.0063412 -0.8326046
-1.3160946 0.7648670 0.5403797 0.5465977 0.0037487 0.0056567 -0.8371090
-1.3160427 0.7647293 0.5403800 0.5399054 0.0032092 0.0049721 -0.8416133
-1.3159907 0.7645916 0.5403804 0.5400492 0.0028128 0.0044034 -0.8415486
-1.3159387 0.7644538 0.5403808 0.5450255 0.0025178 0.0039167 -0.8382541
-1.3158867 0.7643161 0.5403811 0.5500017 0.0022227 0.0034299 -0.8349596
-1.3158348 0.7641784 0.5403815 0.5549779 0.0019276 0.0029432 -0.8316651
-1.3157828 0.7640406 0.5403819 0.5599541 0.0016326 0.0024564 -0.8283707
-1.3157308 0.7639029 0.5403822 0.5649304 0.0013375 0.0019697 -0.8250762
-1.3156789 0.7637652 0.5403826 0.5693654 0.0010584 0.0015393 -0.8220417
-1.3156269 0.7636274 0.5403830 0.5732911 0.0007944 0.0011620 -0.8192520
-1.3155749 0.7634897 0.5403833 0.5772167 0.0005305 0.0007847 -0.8164623
-1.3155229 0.7633520 0.5403837 0.5811424 0.0002665 0.0004074 -0.8136726
-1.3154710 0.7632142 0.5403840 0.5850681 0.0000025 0.0000301 -0.8108828
-1.3154190 0.7630765 0.5403844 0.5889937 -0.0002615 -0.0003472 -0.8080931
-1.3161950 0.7621459 0.5404223 0.5925754 -0.0005113 -0.0006888 -0.8054902
-1.3180059 0.7602241 0.5405072 0.5957271 -0.0007435 -0.0009856 -0.8031207
-1.3198169 0.7583023 0.5405920 0.5988787 -0.0009756 -0.0012825 -0.8007513
-1.3216278 0.7563805 0.5406768 0.6020304 -0.0012078 -0.0015794 -0.7983818
-1.3234388 0.7544587 0.5407617 0.6051820 -0.0014399 -0.0018762 -0.7960124
-1.3252497 0.7525369 0.5408465 0.6083337 -0.0016721 -0.0021731 -0.7936430
-1.3270607 0.7506151 0.5409314 0.6113317 -0.0018926 -0.0024462 -0.7913519
-1.3288716 0.7486933 0.5410162 0.6140724 -0.0020937 -0.0026795 -0.7891922
-1.3306826 0.7467715 0.5411010 0.6168130 -0.0022948 -0.0029128 -0.7870326
-1.3324936 0.7448497 0.5411859 0.6195537 -0.0024958 -0.0031460 -0.7848729
-1.3343045 0.7429279 0.5412707 0.6222944 -0.0026969 -0.0033793 -0.7827132
-1.3361155 0.7410061 0.5413555 0.6250350 -0.0028980 -0.0036126 -0.7805535
-1.3379264 0.7390843 0.5414404 0.6298682 -0.0030635 -0.0037748 -0.7765027
-1.3397374 0.7371625 0.5415252 0.6395141 -0.0031473 -0.0037734 -0.7681022
-1.3415483 0.7352407 0.5416101 0.6491601 -0.0032311 -0.0037721 -0.7597018
-1.3433593 0.7333189 0.5416949 0.6588060 -0.0033149 -0.0037707 -0.7513013
-1.3451702 0.7313971 0.5417797 0.6684519 -0.0033987 -0.0037694 -0.7429009
-1.3469812 0.7294753 0.5418646 0.6780979 -0.0034825 -0.0037681 -0.7345004
-1.3487921 0.7275535 0.5419494 0.6872727 -0.0035611 -0.0037625 -0.7262720
-1.3506031 0.7256317 0.5420343 0.6948910 -0.0036222 -0.0037431 -0.7186121
-1.3524140 0.7237099 0.5421191 0.7025093 -0.0036834 -0.0037238 -0.7109523
-1.3542250 0.7217881 0.5422039 0.7101276 -0.0037446 -0.0037044 -0.7032924
-1.3560359 0.7198663 0.5422888 0.7177459 -0.0038057 -0.0036850 -0.6956325
-1.3578469 0.7179445 0.5423736 0.7253642 -0.0038669 -0.0036656 -0.6879726
-1.3596578 0.7160227 0.5424585 0.7327205 -0.0039257 -0.0036455 -0.6804509
-1.3614688 0.7141009 0.5425433 0.7387171 -0.0039727 -0.0036214 -0.6736460
-1.3632797 0.7121791 0.5426281 0.7447138 -0.0040196 -0.0035973 -0.6668411
-1.3650907 0.7102573 0.5427130 0.7507105 -0.0040665 -0.0035732 -0.6600362
-1.3669016 0.7083356 0.5427978 0.7567071 -0.0041134 -0.0035491 -0.6532314
-1.3687126 0.7064138 0.5428826 0.7627038 -0.0041604 -0.0035250 -0.6464265
-1.3705235 0.7044920 0.5429675 0.7685793 -0.0042059 -0.0035006 -0.6397073
-1.3723345 0.7025702 0.5430523 0.7732429 -0.0042376 -0.0034733 -0.6338458
-1.3741454 0.7006484 0.5431372 0.7779066 -0.0042694 -0.0034459 -0.6279843
-1.3759564 0.6987266 0.5432220 0.7825703 -0.0043011 -0.0034186 -0.6221228
-1.3777673 0.6968048 0.5433068 0.7872340 -0.0043328 -0.0033912 -0.6162613
-1.3795783 0.6948830 0.5433917 0.7918976 -0.0043646 -0.0033639 -0.6103998
-1.3813402 0.6929410 0.5434721 0.7965409 -0.0043961 -0.0033365 -0.6045556
-1.3807245 0.6900211 0.5433376 0.8001922 -0.0044169 -0.0033094 -0.5995534
-1.3801088 0.6871012 0.5432032 0.8038436 -0.0044377 -0.0032822 -0.5945512
-1.3794930 0.6841814 0.5430688 0.8074949 -0.0044585 -0.0032551 -0.5895490
-1.3788773 0.6812615 0.5429343 0.8111463 -0.0044793 -0.0032279 -0.5845469
-1.3782616 0.6783416 0.5427999 0.8147976 -0.0045001 -0.0032007 -0.5795447
-1.3776459 0.6754217 0.5426654 0.8184490 -0.0045208 -0.0031736 -0.5745425
-1.3770301 0.6725018 0.5425310 0.8213795 -0.0045345 -0.0031482 -0.5702423
-1.3764144 0.6695820 0.5423965 0.8242716 -0.0045477 -0.0031228 -0.5659795
-1.3757987 0.6666621 0.5422621 0.8271637 -0.0045610 -0.0030975 -0.5617166
-1.3751829 0.6637422 0.5421277 0.8300558 -0.0045742 -0.0030721 -0.5574538
-1.3745672 0.6608223 0.5419932 0.8329479 -0.0045874 -0.0030468 -0.5531910
-1.3739515 0.6579024 0.5418588 0.8358400 -0.0046007 -0.0030215 -0.5489281
-1.3733358 0.6549825 0.5417243 0.8384774 -0.0046025 -0.0029910 -0.5448101
-1.3727200 0.6520627 0.5415899 0.8410796 -0.0046028 -0.0029598 -0.5407121
-1.3721043 0.6491428 0.5414555 0.8436818 -0.0046031 -0.0029286 -0.5366140
-1.3714886 0.6462229 0.5413210 0.8462841 -0.0046034 -0.0028975 -0.5325160
-1.3708729 0.6433030 0.5411866 0.8488863 -0.0046037 -0.0028663 -0.5284180
-1.3702571 0.6403831 0.5410521 0.8514886 -0.0046040 -0.0028351 -0.5243199
-1.3696414 0.6374632 0.5409177 0.8536537 -0.0046020 -0.0028076 -0.5207472
-1.3690257 0.6345434 0.5407832 0.8557151 -0.0045993 -0.0027810 -0.5172992
-1.3684099 0.6316235 0.5406488 0.8577764 -0.0045966 -0.0027543 -0.5138512
-1.3677942 0.6287036 0.5405144 0.8598378 -0.0045940 -0.0027276 -0.5104032
-1.3671785 0.6257837 0.5403799 0.8618991 -0.0045913 -0.0027010 -0.5069552
-1.3665628 0.6228638 0.5402455 0.8639605 -0.0045887 -0.0026743 -0.5035072
-1.3659470 0.6199439 0.5401110 0.8667837 -0.0046597 -0.0026772 -0.4984953
-1.3653313 0.6170241 0.5399766 0.8698782 -0.0047570 -0.0026906 -0.4929264
-1.3647156 0.6141042 0.5398421 0.8729727 -0.0048543 -0.0027039 -0.4873576
-1.3640998 0.6111843 0.5397077 0.8760672 -0.0049516 -0.0027173 -0.4817887
-1.3634841 0.6082644 0.5395733 0.8791617 -0.0050488 -0.0027306 -0.4762198
-1.3628684 0.6053445 0.5394388 0.8822562 -0.0051461 -0.0027440 -0.4706510
-1.3621985 0.6024209 0.5393055 0.8849363 -0.0052324 -0.0027511 -0.4655597
-1.3615015 0.5994954 0.5391728 0.8874093 -0.0053131 -0.0027550 -0.4607073
-1.3608045 0.5965699 0.5390401 0.8898822 -0.0053938 -0.0027589 -0.4558549
-1.3601075 0.5936444 0.5389074 0.8923551 -0.0054745 -0.0027629 -0.4510025
-1.3594105 0.5907188 0.5387747 0.8948281 -0.0055552 -0.0027668 -0.4461500
-1.3587135 0.5877933 0.5386420 0.8973010 -0.0056359 -0.0027707 -0.4412976
-1.3556434 0.5847033 0.5385598 0.8994873 -0.0057083 -0.0027711 -0.4368193
-1.3509643 0.5815019 0.5385119 0.9014793 -0.0057751 -0.0027691 -0.4325947
-1.3462852 0.5783004 0.5384640 0.9034713 -0.0058419 -0.0027671 -0.4283701
-1.3416061 0.5750989 0.5384161 0.9054633 -0.0059088 -0.0027651 -0.4241455
-1.3369270 0.5718974 0.5383682 0.9074553 -0.0059756 -0.0027631 -0.4199209
-1.3322480 0.5686960 0.5383203 0.9094474 -0.0060424 -0.0027611 -0.4156963
-1.3275689 0.5654945 0.5382724 0.9112440 -0.0061033 -0.0027572 -0.4117551
-1.3228898 0.5622930 0.5382245 0.9128641 -0.0061588 -0.0027516 -0.4080702
-1.3182107 0.5590915 0.5381766 0.9144842 -0.0062142 -0.0027460 -0.4043853
-1.3135316 0.5558901 0.5381287 0.9161042 -0.0062697 -0.0027404 -0.4007003
-1.3088526 0.5526886 0.5380808 0.9177243 -0.0063252 -0.0027348 -0.3970154
-1.3041735 0.5494871 0.5380329 0.9193444 -0.0063806 -0.0027292 -0.3933305
-1.2994944 0.5462856 0.5379850 0.9208551 -0.0064418 -0.0027262 -0.3897993
-1.2948153 0.5430842 0.5379371 0.9222346 -0.0065097 -0.0027262 -0.3864526
-1.2901363 0.5398827 0.5378892 0.9236140 -0.0065776 -0.0027261 -0.3831059
-1.2854572 0.5366812 0.5378412 0.9249934 -0.0066455 -0.0027261 -0.3797592
-1.2807781 0.5334797 0.5377933 0.9263729 -0.0067134 -0.0027261 -0.3764126
-1.2760990 0.5302783 0.5377454 0.9277523 -0.0067813 -0.0027261 -0.3730659
-1.2714199 0.5270768 0.5376975 0.9290572 -0.0068462 -0.0027248 -0.3698311
-1.2667409 0.5238753 0.5376496 0.9302423 -0.0069062 -0.0027217 -0.3667758
-1.2620618 0.5206738 0.5376017 0.9314274 -0.0069662 -0.0027186 -0.3637205
-1.2573827 0.5174724 0.5375538 0.9326126 -0.0070262 -0.0027155 -0.3606652
-1.2527036 0.5142709 0.5375059 0.9337977 -0.0070862 -0.0027123 -0.3576099
-1.2480245 0.5110694 0.5374580 0.9349828 -0.0071462 -0.0027092 -0.3545546
-1.2433455 0.5078679 0.5374101 0.9360497 -0.0071592 -0.0026909 -0.3517707
-1.2386664 0.5046665 0.5373622 0.9368572 -0.0070689 -0.0026393 -0.3495819
-1.2339873 0.5014650 0.5373143 0.9376648 -0.0069786 -0.0025877 -0.3473932
-1.2293082 0.4982635 0.5372664 0.9384723 -0.0068883 -0.0025361 -0.3452044
-1.2246292 0.4950621 0.5372185 0.9392798 -0.0067981 -0.0024845 -0.3430156
-1.2199501 0.4918606 0.5371706 0.9400873 -0.0067078 -0.0024329 -0.3408268
-1.2152710 0.4886591 0.5371227 0.9408789 -0.0066180 -0.0023824 -0.3386596
-1.2105919 0.4854576 0.5370748 0.9416207 -0.0065299 -0.0023354 -0.3365599
-1.2059128 0.4822562 0.5370269 0.9423625 -0.0064418 -0.0022883 -0.3344601
-1.2012338 0.4790547 0.5369790 0.9431043 -0.0063537 -0.0022412 -0.3323603
-1.1965547 0.4758532 0.5369311 0.9438461 -0.0062655 -0.0021942 -0.3302605
-1.1918756 0.4726517 0.5368832 0.9445878 -0.0061774 -0.0021471 -0.3281607
-1.1870854 0.4693730 0.5368353 0.9453192 -0.0060897 -0.0021008 -0.3260759
-1.1817593 0.4657216 0.5367876 0.9460005 -0.0060039 -0.0020579 -0.3240631
-1.1764332 0.4620702 0.5367399 0.9466817 -0.0059181 -0.0020151 -0.3220503
-1.1711070 0.4584187 0.5366922 0.9473629 -0.0058324 -0.0019722 -0.3200375
-1.1657809 0.4547673 0.5366445 0.9480442 -0.0057466 -0.0019294 -0.3180247
-1.1604548 0.4511159 0.5365968 0.9487254 -0.0056608 -0.0018866 -0.3160119
-1.1551287 0.4474645 0.5365491 0.9494003 -0.0055753 -0.0018441 -0.3140100
-1.1498026 0.4438131 0.5365014 0.9500185 -0.0054917 -0.0018052 -0.3121049
-1.1444764 0.4401617 0.5364537 0.9506367 -0.0054082 -0.0017663 -0.3101999
-1.1391503 0.4365103 0.5364060 0.9512549 -0.0053246 -0.0017274 -0.3082949
-1.1338242 0.4328588 0.5363583 0.9518731 -0.0052410 -0.0016885 -0.3063899
-1.1284981 0.4292074 0.5363106 0.9524913 -0.0051575 -0.0016497 -0.3044849
-1.1231719 0.4255560 0.5362629 0.9530978 -0.0050735 -0.0016109 -0.3026155
-1.1178458 0.4219046 0.5362152 0.9533286 -0.0049756 -0.0015760 -0.3018844
-1.1125197 0.4182532 0.5361675 0.9535594 -0.0048776 -0.0015411 -0.3011533
-1.1071936 0.4146018 0.5361198 0.9537903 -0.0047797 -0.0015063 -0.3004222
-1.1018674 0.4109504 0.5360721 0.9540211 -0.0046818 -0.0014714 -0.2996911
-1.0965413 0.4072989 0.5360244 0.9542519 -0.0045839 -0.0014365 -0.2989600
-1.0912152 0.4036475 0.5359767 0.9544827 -0.0044859 -0.0014017 -0.2982289
-1.0858891 0.3999961 0.5359290 0.9547031 -0.0043884 -0.0013680 -0.2975198
-1.0805630 0.3963447 0.5358813 0.9549231 -0.0042909 -0.0013343 -0.2968116
-1.0752368 0.3926933 0.5358336 0.9551431 -0.0041933 -0.0013007 -0.2961035
-1.0699107 0.3890419 0.5357859 0.9553630 -0.0040958 -0.0012671 -0.2953953
-1.0645846 0.3853905 0.5357382 0.9555830 -0.0039983 -0.0012334 -0.2946871
-1.0592585 0.3817390 0.5356905 0.9558030 -0.0039007 -0.0011998 -0.2939790
-1.0539323 0.3780876 0.5356428 0.9555962 -0.0038762 -0.0011951 -0.2946453
-1.0486062 0.3744362 0.5355951 0.9553361 -0.0038608 -0.0011940 -0.2954835
-1.0432801 0.3707848 0.5355474 0.9550760 -0.0038455 -0.0011930 -0.2963216
-1.0379540 0.3671334 0.5354997 0.9548159 -0.0038301 -0.0011919 -0.2971598
-1.0326278 0.3634820 0.5354520 0.9545558 -0.0038147 -0.0011908 -0.2979979
-1.0273017 0.3598306 0.5354043 0.9542957 -0.0037993 -0.0011897 -0.2988361
-1.0219756 0.3561791 0.5353566 0.9540138 -0.0037828 -0.0011884 -0.2997300
-1.0166495 0.3525277 0.5353089 0.9537271 -0.0037661 -0.0011870 -0.3006362
-1.0113233 0.3488763 0.5352612 0.9534403 -0.0037494 -0.0011857 -0.3015424
-1.0059972 0.3452249 0.5352135 0.9531536 -0.0037327 -0.0011843 -0.3024486
-1.0006711 0.3415735 0.5351658 0.9528668 -0.0037160 -0.0011829 -0.3033549
-0.9953450 0.3379221 0.5351181 0.9525801 -0.0036993 -0.0011816 -0.3042611
-0.9909321 0.3352910 0.5350711 0.9522704 -0.0036815 -0.0011799 -0.3052244
-0.9868277 0.3330047 0.5350244 0.9519529 -0.0036633 -0.0011782 -0.3062071
-0.9827234 0.3307184 0.5349776 0.9516355 -0.0036451 -0.0011765 -0.3071897
-0.9786190 0.3284321 0.5349309 0.9513180 -0.0036269 -0.0011747 -0.3081724
-0.9745146 0.3261457 0.5348841 0.9510006 -0.0036087 -0.0011730 -0.3091550
-0.9704103 0.3238594 0.5348373 0.9506831 -0.0035905 -0.0011713 -0.3101376
-0.9663059 0.3215731 0.5347906 0.9503416 -0.0035711 -0.0011692 -0.3111785
-0.9622015 0.3192868 0.5347438 0.9499886 -0.0035512 -0.0011671 -0.3122473
-0.9580972 0.3170004 0.5346970 0.9496356 -0.0035313 -0.0011649 -0.3133160
-0.9539928 0.3147141 0.5346503 0.9492826 -0.0035114 -0.0011627 -0.3143847
-0.9498885 0.3124278 0.5346035 0.9489296 -0.0034915 -0.0011605 -0.3154535
-0.9457841 0.3101415 0.5345568 0.9485766 -0.0034716 -0.0011584 -0.3165222
-0.9416797 0.3078552 0.5345100 0.9481582 -0.0034494 -0.0011559 -0.3177673
-0.9375754 0.3055688 0.5344632 0.9476973 -0.0034255 -0.0011533 -0.3191270
-0.9334710 0.3032825 0.5344165 0.9472364 -0.0034017 -0.0011506 -0.3204868
-0.9293666 0.3009962 0.5343697 0.9467755 -0.0033778 -0.0011479 -0.3218465
-0.9252623 0.2987099 0.5343229 0.9463146 -0.0033540 -0.0011453 -0.3232062
-0.9211579 0.2964235 0.5342762 0.9458537 -0.0033302 -0.0011426 -0.3245660
-0.9170536 0.2941372 0.5342294 0.9453618 -0.0033051 -0.0011396 -0.3259931
-0.9129492 0.2918509 0.5341827 0.9448431 -0.0032789 -0.0011361 -0.3274787
-0.9088448 0.2895646 0.5341359 0.9443243 -0.0032527 -0.0011327 -0.3289642
-0.9047405 0.2872782 0.5340891 0.9438056 -0.0032264 -0.0011293 -0.3304498
-0.9006361 0.2849919 0.5340424 0.9432869 -0.0032002 -0.0011258 -0.3319354
-0.8965317 0.2827056 0.5339956 0.9427682 -0.0031740 -0.0011224 -0.3334209
-0.8924274 0.2804193 0.5339488 0.9422047 -0.0031490 -0.0011195 -0.3350082
-0.8883230 0.2781330 0.5339021 0.9415898 -0.0031253 -0.0011173 -0.3367126
-0.8842186 0.2758466 0.5338553 0.9409750 -0.0031016 -0.0011151 -0.3384170
-0.8801143 0.2735603 0.5338086 0.9403601 -0.0030779 -0.0011128 -0.3401215
-0.8760099 0.2712740 0.5337618 0.9397452 -0.0030541 -0.0011106 -0.3418259
-0.8719056 0.2689877 0.5337150 0.9391303 -0.0030304 -0.0011084 -0.3435303
-0.8678275 0.2667049 0.5336687 0.9384754 -0.0030055 -0.0011058 -0.3453177
-0.8637899 0.2644276 0.5336229 0.9377591 -0.0029786 -0.0011025 -0.3472328
-0.8597523 0.2621504 0.5335771 0.9370427 -0.0029517 -0.0010993 -0.3491479
-0.8557147 0.2598731 0.5335314 0.9363264 -0.0029248 -0.0010961 -0.3510629
-0.8516771 0.2575959 0.5334856 0.9356100 -0.0028979 -0.0010929 -0.3529780
-0.8476395 0.2553186 0.5334398 0.9348937 -0.0028710 -0.0010896 -0.3548931
-0.8446593 0.2531848 0.5334098 0.9341366 -0.0028428 -0.0010860 -0.3568887
-0.8438932 0.2513515 0.5334127 0.9332943 -0.0028121 -0.0010814 -0.3590527
-0.8431270 0.2495182 0.5334156 0.9324519 -0.0027814 -0.0010768 -0.3612168
-0.8423608 0.2476848 0.5334185 0.9316096 -0.0027507 -0.0010722 -0.3633808
-0.8415947 0.2458515 0.5334214 0.9307672 -0.0027200 -0.0010677 -0.3655449
-0.8408285 0.2440182 0.5334243 0.9299249 -0.0026893 -0.0010631 -0.3677090
-0.8400623 0.2421849 0.5334272 0.9290434 -0.0026574 -0.0010580 -0.3699458
-0.8392962 0.2403516 0.5334301 0.9280460 -0.0026220 -0.0010515 -0.3723982
-0.8385300 0.2385182 0.5334330 0.9270485 -0.0025865 -0.0010450 -0.3748505
-0.8377638 0.2366849 0.5334359 0.9260511 -0.0025511 -0.0010385 -0.3773029
-0.8369977 0.2348516 0.5334388 0.9250537 -0.0025157 -0.0010320 -0.3797552
-0.8362315 0.2330183 0.5334417 0.9240563 -0.0024803 -0.0010255 -0.3822076
-0.8354653 0.2311849 0.5334446 0.9230563 -0.0024425 -0.0010177 -0.3846465
-0.8346992 0.2293516 0.5334475 0.9220448 -0.0023939 -0.0010040 -0.3870246
-0.8339330 0.2275183 0.5334504 0.9210333 -0.0023453 -0.0009904 -0.3894028
-0.8331669 0.2256850 0.5334533 0.9200218 -0.0022967 -0.0009767 -0.3917809
-0.8324007 0.2238516 0.5334562 0.9190103 -0.0022481 -0.0009631 -0.3941591
-0.8316345 0.2220183 0.5334591 0.9179988 -0.0021994 -0.0009494 -0.3965372
-0.8308684 0.2201850 0.5334620 0.9169665 -0.0021501 -0.0009353 -0.3989501
-0.8301022 0.2183517 0.5334649 0.9157683 -0.0020950 -0.0009178 -0.4016409
-0.8293360 0.2165184 0.5334678 0.9145700 -0.0020398 -0.0009002 -0.4043318
-0.8285699 0.2146850 0.5334707 0.9133717 -0.0019846 -0.0008827 -0.4070226
-0.8278037 0.2128517 0.5334737 0.9121735 -0.0019295 -0.0008651 -0.4097135
-0.8270375 0.2110184 0.5334766 0.9109752 -0.0018743 -0.0008476 -0.4124043
-0.8262714 0.2091851 0.5334795 0.9097703 -0.0018186 -0.0008297 -0.4151042
-0.8255052 0.2073517 0.5334824 0.9084061 -0.0017490 -0.0008034 -0.4180196
-0.8247390 0.2055184 0.5334853 0.9070420 -0.0016794 -0.0007772 -0.4209349
-0.8239729 0.2036851 0.5334882 0.9056778 -0.0016098 -0.0007509 -0.4238502
-0.8232067 0.2018518 0.5334911 0.9043137 -0.0015402 -0.0007247 -0.4267655
-0.8224405 0.2000184 0.5334940 0.9029495 -0.0014706 -0.0006984 -0.4296809
-0.8216744 0.1981851 0.5334969 0.9015854 -0.0014010 -0.0006722 -0.4325962
-0.8209082 0.1963518 0.5334998 0.9000649 -0.0013274 -0.0006410 -0.4356858
-0.8201421 0.1945185 0.5335027 0.8985395 -0.0012537 -0.0006098 -0.4387809
-0.8193759 0.1926852 0.5335056 0.8970141 -0.0011800 -0.0005785 -0.4418759
-0.8186097 0.1908518 0.5335085 0.8954887 -0.0011064 -0.0005472 -0.4449710
-0.8178436 0.1890185 0.5335114 0.8939632 -0.0010327 -0.0005159 -0.4480661
-0.8170774 0.1871852 0.5335143 0.8924378 -0.0009590 -0.0004846 -0.4511611
-0.8163809 0.1851675 0.5335185 0.8907510 -0.0008818 -0.0004482 -0.4544207
-0.8156923 0.1831291 0.5335229 0.8890461 -0.0008041 -0.0004112 -0.4576987
-0.8150036 0.1810907 0.5335273 0.8873411 -0.0007265 -0.0003741 -0.4609767
-0.8143150 0.1790523 0.5335317 0.8856361 -0.0006489 -0.0003371 -0.4642547
-0.8136263 0.1770139 0.5335361 0.8839312 -0.0005713 -0.0003001 -0.4675327
-0.8129377 0.1749754 0.5335404 0.8822262 -0.0004937 -0.0002631 -0.4708107
-0.8122490 0.1729370 0.5335448 0.8803569 -0.0004132 -0.0002208 -0.4742401
-0.8115603 0.1708986 0.5335492 0.8784536 -0.0003320 -0.0001773 -0.4777009
-0.8108717 0.1688602 0.5335536 0.8765502 -0.0002508 -0.0001339 -0.4811616
-0.8101830 0.1668218 0.5335580 0.8746469 -0.0001697 -0.0000904 -0.4846224
-0.8094944 0.1647834 0.5335624 0.8727435 -0.0000885 -0.0000470 -0.4880831
-0.8088057 0.1627450 0.5335668 0.8708401 -0.0000074 -0.0000036 -0.4915439
-0.8081171 0.1607066 0.5335711 0.8682769 0.0000664 0.0000400 -0.4959582
-0.8074284 0.1586682 0.5335755 0.8655026 0.0001377 0.0000837 -0.5006776
-0.8067398 0.1566298 0.5335799 0.8627282 0.0002090 0.0001273 -0.5053970
-0.8060511 0.1545914 0.5335843 0.8599538 0.0002804 0.0001709 -0.5101164
-0.8053625 0.1525530 0.5335887 0.8571794 0.0003517 0.0002146 -0.5148358
-0.8046738 0.1505145 0.5335931 0.8544051 0.0004230 0.0002582 -0.5195553
-0.8039852 0.1484761 0.5335974 0.8514213 0.0004942 0.0003065 -0.5243657
-0.8032965 0.1464377 0.5336018 0.8483420 0.0005652 0.0003570 -0.5292175
-0.8026079 0.1443993 0.5336062 0.8452627 0.0006362 0.0004074 -0.5340694
-0.8019192 0.1423609 0.5336106 0.8421834 0.0007073 0.0004578 -0.5389213
-0.8012306 0.1403225 0.5336150 0.8391041 0.0007783 0.0005082 -0.5437731
-0.8005419 0.1382841 0.5336194 0.8360248 0.0008494 0.0005587 -0.5486250
-0.7998533 0.1362457 0.5336237 0.8346054 0.0008728 0.0005761 -0.5508458
-0.7991646 0.1342073 0.5336281 0.8342201 0.0008667 0.0005729 -0.5514274
-0.7984760 0.1321689 0.5336325 0.8338348 0.0008606 0.0005697 -0.5520091
-0.7977873 0.1301305 0.5336369 0.8334495 0.0008544 0.0005665 -0.5525907
-0.7970987 0.1280920 0.5336413 0.8330642 0.0008483 0.0005633 -0.5531724
-0.7964100 0.1260536 0.5336457 0.8326789 0.0008422 0.0005601 -0.5537541
-0.7957148 0.1240136 0.5336501 0.8322961 0.0008361 0.0005569 -0.5543291
-0.7950142 0.1219722 0.5336546 0.8319154 0.0008301 0.0005537 -0.5548986
-0.7943136 0.1199307 0.5336590 0.8315347 0.0008241 0.0005505 -0.5554681
-0.7936130 0.1178893 0.5336635 0.8311540 0.0008181 0.0005473 -0.5560376
-0.7929124 0.1158479 0.5336679 0.8307733 0.0008121 0.0005441 -0.5566071
-0.7922118 0.1138065 0.5336724 0.8303926 0.0008061 0.0005409 -0.5571766
-0.7912333 0.1116950 0.5336787 0.8300141 0.0008002 0.0005377 -0.5577405
-0.7899472 0.1095059 0.5336871 0.8296380 0.0007943 0.0005345 -0.5582981
-0.7886612 0.1073169 0.5336954 0.8292619 0.0007884 0.0005313 -0.5588558
-0.7873751 0.1051278 0.5337038 0.8288858 0.0007826 0.0005281 -0.5594134
-0.7860890 0.1029388 0.5337121 0.8285097 0.0007767 0.0005249 -0.5599710
-0.7848030 0.1007498 0.5337205 0.8281336 0.0007708 0.0005217 -0.5605287
-0.7835169 0.0985607 0.5337288 0.8277594 0.0007650 0.0005185 -0.5610816
-0.7822309 0.0963717 0.5337371 0.8273879 0.0007592 0.0005153 -0.5616276
-0.7809448 0.0941826 0.5337455 0.8270164 0.0007535 0.0005122 -0.5621737
-0.7796587 0.0919936 0.5337538 0.8266449 0.0007478 0.0005090 -0.5627197
-0.7783727 0.0898046 0.5337622 0.8262734 0.0007420 0.0005058 -0.5632657
-0.7770866 0.0876155 0.5337705 0.8259019 0.0007363 0.0005026 -0.5638118
-0.7758005 0.0854265 0.5337789 0.8239633 0.0007881 0.0005462 -0.5665156
-0.7745145 0.0832374 0.5337872 0.8188907 0.0009550 0.0006833 -0.5735352
-0.7732284 0.0810484 0.5337956 0.8138180 0.0011220 0.0008204 -0.5805547
-0.7719424 0.0788593 0.5338039 0.8087454 0.0012889 0.0009575 -0.5875743
-0.7706563 0.0766703 0.5338123 0.8036727 0.0014558 0.0010946 -0.5945938
-0.7693702 0.0744813 0.5338206 0.7986001 0.0016228 0.0012317 -0.6016134
-0.7680842 0.0722922 0.5338290 0.7933924 0.0017861 0.0013738 -0.6086072
-0.7667981 0.0701032 0.5338373 0.7878056 0.0019392 0.0015300 -0.6155287
-0.7655120 0.0679141 0.5338457 0.7822188 0.0020923 0.0016862 -0.6224503
-0.7642260 0.0657251 0.5338540 0.7766320 0.0022454 0.0018424 -0.6293719
-0.7629399 0.0635360 0.5338623 0.7710452 0.0023985 0.0019987 -0.6362935
-0.7616539 0.0613470 0.5338707 0.7654584 0.0025516 0.0021549 -0.6432150
-0.7603678 0.0591580 0.5338790 0.7598183 0.0027009 0.0023135 -0.6500591
-0.7590817 0.0569689 0.5338874 0.7539534 0.0028342 0.0024825 -0.6565766
-0.7577957 0.0547799 0.5338957 0.7480886 0.0029675 0.0026514 -0.6630940
-0.7565096 0.0525908 0.5339041 0.7422237 0.0031007 0.0028204 -0.6696115
-0.7552235 0.0504018 0.5339124 0.7363588 0.0032340 0.0029894 -0.6761290
-0.7539375 0.0482127 0.5339208 0.7304940 0.0033673 0.0031583 -0.6826465
-0.7526514 0.0460237 0.5339291 0.7245961 0.0034976 0.0033281 -0.6891175
-0.7513654 0.0438347 0.5339375 0.7184586 0.0036065 0.0035035 -0.6952509
-0.7500793 0.0416456 0.5339458 0.7123212 0.0037154 0.0036789 -0.7013844
-0.7487932 0.0394566 0.5339542 0.7061837 0.0038243 0.0038543 -0.7075179
-0.7475072 0.0372675 0.5339625 0.7000463 0.0039333 0.0040297 -0.7136514
-0.7462211 0.0350785 0.5339709 0.6939088 0.0040422 0.0042051 -0.7197849
-0.7449709 0.0328808 0.5339788 0.6877660 0.0041497 0.0043805 -0.7258926
-0.7443943 0.0305197 0.5339788 0.6815233 0.0042319 0.0045544 -0.7315155
-0.7438178 0.0281586 0.5339788 0.6752805 0.0043142 0.0047282 -0.7371384
-0.7432413 0.0257976 0.5339788 0.6690378 0.0043964 0.0049021 -0.7427613
-0.7426647 0.0234365 0.5339788 0.6627950 0.0044786 0.0050760 -0.7483843
-0.7420882 0.0210754 0.5339788 0.6565523 0.0045608 0.0052499 -0.7540072
-0.7415116 0.0187144 0.5339788 0.6503095 0.0046430 0.0054238 -0.7596301
-0.7409351 0.0163533 0.5339788 0.6441239 0.0046996 0.0055893 -0.7646787
-0.7403586 0.0139922 0.5339788 0.6379395 0.0047557 0.0057546 -0.7697155
-0.7397820 0.0116312 0.5339788 0.6317551 0.0048117 0.0059199 -0.7747523
-0.7392055 0.0092701 0.5339788 0.6255707 0.0048678 0.0060852 -0.7797890
-0.7386290 0.0069090 0.5339788 0.6193863 0.0049239 0.0062505 -0.7848258
-0.7380524 0.0045480 0.5339788 0.6132019 0.0049800 0.0064158 -0.7898625
-0.7374759 0.0021869 0.5339788 0.6065962 0.0050036 0.0065641 -0.7947661
-0.7368993 -0.0001742 0.5339788 0.5999483 0.0050241 0.0067107 -0.7996564
-0.7363228 -0.0025352 0.5339788 0.5933005 0.0050445 0.0068572 -0.8045467
-0.7357463 -0.0048963 0.5339788 0.5866526 0.0050649 0.0070038 -0.8094370
-0.7351697 -0.0072573 0.5339788 0.5800047 0.0050853 0.0071504 -0.8143273
-0.7345932 -0.0096184 0.5339788 0.5733569 0.0051057 0.0072969 -0.8192176
-0.7340166 -0.0119795 0.5339788 0.5670056 0.0051093 0.0074269 -0.8235125
-0.7334401 -0.0143405 0.5339788 0.5607115 0.0051097 0.0075537 -0.8276927
-0.7328636 -0.0167016 0.5339788 0.5544174 0.0051100 0.0076805 -0.8318728
-0.7322870 -0.0190627 0.5339788 0.5481233 0.0051104 0.0078073 -0.8360529
-0.7317105 -0.0214237 0.5339788 0.5418292 0.0051107 0.0079341 -0.8402330
-0.7311339 -0.0237848 0.5339788 0.5355351 0.0051110 0.0080609 -0.8444132
-0.7305574 -0.0261459 0.5339788 0.5290196 0.0050906 0.0081683 -0.8484137
-0.7299809 -0.0285069 0.5339788 0.5224370 0.0050638 0.0082699 -0.8523599
-0.7294043 -0.0308680 0.5339788 0.5158545 0.0050371 0.0083714 -0.8563061
-0.7288278 -0.0332291 0.5339788 0.5092720 0.0050103 0.0084729 -0.8602523
-0.7282512 -0.0355901 0.5339788 0.5026894 0.0049835 0.0085744 -0.8641985
-0.7276747 -0.0379512 0.5339788 0.4961069 0.0049568 0.0086759 -0.8681447
-0.7270982 -0.0403123 0.5339788 0.4899327 0.0049238 0.0087623 -0.8716024
-0.7265216 -0.0426733 0.5339788 0.4839361 0.0048880 0.0088421 -0.8748478
-0.7259451 -0.0450344 0.5339788 0.4779395 0.0048523 0.0089218 -0.8780932
-0.7253686 -0.0473955 0.5339788 0.4719428 0.0048166 0.0090016 -0.8813386
-0.7247920 -0.0497565 0.5339788 0.4659462 0.0047809 0.0090813 -0.8845840
-0.7242155 -0.0521176 0.5339788 0.4599496 0.0047451 0.0091611 -0.8878293
-0.7265618 -0.0545818 0.5340543 0.4543258 0.0047067 0.0092292 -0.8907060
-0.7306525 -0.0571076 0.5341748 0.4489246 0.0046667 0.0092904 -0.8933626
-0.7347432 -0.0596334 0.5342953 0.4435233 0.0046267 0.0093516 -0.8960192
-0.7388339 -0.0621592 0.5344158 0.4381221 0.0045867 0.0094128 -0.8986758
-0.7429246 -0.0646850 0.5345363 0.4327208 0.0045467 0.0094739 -0.9013324
-0.7470153 -0.0672108 0.5346569 0.4273196 0.0045067 0.0095351 -0.9039890
-0.7511059 -0.0697366 0.5347774 0.4222344 0.0044660 0.0095879 -0.9063775
-0.7551966 -0.0722623 0.5348979 0.4174022 0.0044249 0.0096339 -0.9085515
-0.7592873 -0.0747881 0.5350184 0.4125699 0.0043838 0.0096799 -0.9107255
-0.7633780 -0.0773139 0.5351390 0.4077376 0.0043427 0.0097259 -0.9128995
-0.7674687 -0.0798397 0.5352595 0.4029054 0.0043016 0.0097719 -0.9150735
-0.7715593 -0.0823655 0.5353800 0.3980731 0.0042604 0.0098180 -0.9172475
-0.7756500 -0.0848913 0.5355005 0.3937366 0.0042213 0.0098545 -0.9191357
-0.7797407 -0.0874171 0.5356210 0.3899267 0.0041843 0.0098810 -0.9207204
-0.7838314 -0.0899429 0.5357416 0.3861169 0.0041473 0.0099075 -0.9223051
-0.7879221 -0.0924687 0.5358621 0.3823071 0.0041103 0.0099340 -0.9238897
-0.7920128 -0.0949945 0.5359826 0.3784973 0.0040733 0.0099604 -0.9254744
-0.7961034 -0.0975202 0.5361031 0.3746874 0.0040362 0.0099869 -0.9270591
-0.8001941 -0.1000460 0.5362237 0.3710529 0.0040002 0.0100104 -0.9285325
-0.8042848 -0.1025718 0.5363442 0.3676662 0.0039656 0.0100295 -0.9298485
-0.8083755 -0.1050976 0.5364647 0.3642796 0.0039310 0.0100487 -0.9311645
-0.8124662 -0.1076234 0.5365852 0.3608929 0.0038963 0.0100679 -0.9324806
-0.8165568 -0.1101492 0.5367057 0.3575063 0.0038617 0.0100870 -0.9337966
-0.8206475 -0.1126750 0.5368263 0.3541197 0.0038271 0.0101062 -0.9351126
-0.8247382 -0.1152008 0.5369468 0.3509634 0.0037971 0.0101306 -0.9363179
-0.8288289 -0.1177266 0.5370673 0.3482475 0.0037761 0.0101648 -0.9373116
-0.8329196 -0.1202524 0.5371878 0.3455316 0.0037552 0.0101991 -0.9383052
-0.8370103 -0.1227781 0.5373084 0.3428157 0.0037342 0.0102334 -0.9392989
-0.8411009 -0.1253039 0.5374289 0.3400998 0.0037132 0.0102676 -0.9402926
-0.8451916 -0.1278297 0.5375494 0.3373839 0.0036922 0.0103019 -0.9412863
-0.8492823 -0.1303555 0.5376699 0.3347367 0.0036714 0.0103347 -0.9422422
-0.8533730 -0.1328813 0.5377904 0.3322728 0.0036510 0.0103636 -0.9430973
-0.8574637 -0.1354071 0.5379110 0.3298089 0.0036305 0.0103925 -0.9439524
-0.8615544 -0.1379329 0.5380315 0.3273450 0.0036101 0.0104214 -0.9448076
-0.8656450 -0.1404587 0.5381520 0.3248810 0.0035897 0.0104503 -0.9456627
-0.8697357 -0.1429845 0.5382725 0.3224171 0.0035693 0.0104792 -0.9465178
-0.8739318 -0.1455103 0.5383923 0.3199983 0.0035491 0.0105072 -0.9473497
-0.8785441 -0.1480361 0.5385092 0.3177578 0.0035295 0.0105316 -0.9480897
-0.8831564 -0.1505618 0.5386261 0.3155173 0.0035099 0.0105560 -0.9488296
-0.8877687 -0.1530876 0.5387430 0.3132768 0.0034903 0.0105805 -0.9495696
-0.8923810 -0.1556134 0.5388598 0.3110363 0.0034707 0.0106049 -0.9503095
-0.8969933 -0.1581392 0.5389767 0.3087958 0.0034511 0.0106294 -0.9510495
-0.9016057 -0.1606650 0.5390936 0.3065813 0.0034316 0.0106534 -0.9517768
-0.9062180 -0.1631908 0.5392105 0.3045389 0.0034129 0.0106741 -0.9524205
-0.9108303 -0.1657166 0.5393274 0.3024964 0.0033942 0.0106949 -0.9530643
-0.9154426 -0.1682424 0.5394442 0.3004539 0.0033755 0.0107156 -0.9537080
-0.9200549 -0.1707682 0.5395611 0.2984115 0.0033568 0.0107364 -0.9543518
-0.9246672 -0.1732940 0.5396780 0.2963690 0.0033382 0.0107571 -0.9549955
-0.9292795 -0.1758197 0.5397949 0.2943527 0.0033198 0.0107779 -0.9556298
-0.9338918 -0.1783455 0.5399118 0.2927421 0.0033064 0.0107994 -0.9561169
-0.9385042 -0.1808713 0.5400286 0.2911314 0.0032930 0.0108209 -0.9566040
-0.9431165 -0.1833971 0.5401455 0.2895208 0.0032796 0.0108424 -0.9570911
-0.9477288 -0.1859229 0.5402624 0.2879101 0.0032661 0.0108639 -0.9575782
-0.9523411 -0.1884487 0.5403793 0.2862994 0.0032527 0.0108854 -0.9580653
-0.9569534 -0.1909745 0.5404962 0.2846888 0.0032393 0.0109069 -0.9585524
-0.9615657 -0.1935003 0.5406130 0.2832036 0.0032265 0.0109259 -0.9589859
-0.9661780 -0.1960261 0.5407299 0.2817198 0.0032136 0.0109449 -0.9594188
-0.9707903 -0.1985519 0.5408468 0.2802359 0.0032008 0.0109639 -0.9598517
-0.9754027 -0.2010776 0.5409637 0.2787520 0.0031879 0.0109829 -0.9602847
-0.9800150 -0.2036034 0.5410806 0.2772682 0.0031751 0.0110019 -0.9607176
-0.9846273 -0.2061292 0.5411975 0.2757843 0.0031622 0.0110209 -0.9611506
-0.9892396 -0.2086550 0.5413143 0.2760268 0.0031631 0.0110135 -0.9610812
-0.9938519 -0.2111808 0.5414312 0.2764210 0.0031652 0.0110037 -0.9609677
-0.9984642 -0.2137066 0.5415481 0.2768152 0.0031673 0.0109940 -0.9608542
-1.0030765 -0.2162324 0.5416650 0.2772095 0.0031693 0.0109842 -0.9607407
-1.0076889 -0.2187582 0.5417819 0.2776037 0.0031714 0.0109745 -0.9606273
-1.0123012 -0.2212840 0.5418987 0.2779980 0.0031735 0.0109648 -0.9605138
-1.0169135 -0.2238098 0.5420156 0.2783911 0.0031755 0.0109550 -0.9603997
-1.0215258 -0.2263356 0.5421325 0.2787841 0.0031775 0.0109453 -0.9602855
-1.0261381 -0.2288613 0.5422494 0.2791771 0.0031795 0.0109355 -0.9601713
-1.0307504 -0.2313871 0.5423663 0.2795701 0.0031816 0.0109257 -0.9600571
-1.0353627 -0.2339129 0.5424831 0.2799631 0.0031836 0.0109160 -0.9599429
-1.0399750 -0.2364387 0.5426000 0.2803561 0.0031856 0.0109062 -0.9598287
-1.0443738 -0.2392634 0.5427141 0.2807481 0.0031876 0.0108965 -0.9597140
-1.0487116 -0.2421736 0.5428273 0.2811398 0.0031895 0.0108867 -0.9595991
-1.0530494 -0.2450837 0.5429405 0.2815316 0.0031915 0.0108769 -0.9594842
-1.0573871 -0.2479939 0.5430538 0.2819233 0.0031934 0.0108671 -0.9593693
-1.0617249 -0.2509040 0.5431670 0.2823150 0.0031954 0.0108574 -0.9592545
-1.0660627 -0.2538142 0.5432803 0.2827067 0.0031973 0.0108476 -0.9591396
-1.0704004 -0.2567243 0.5433935 0.2828778 0.0031965 0.0108377 -0.9590894
-1.0747382 -0.2596345 0.5435067 0.2829574 0.0031946 0.0108279 -0.9590660
-1.0790760 -0.2625446 0.5436200 0.2830371 0.0031927 0.0108180 -0.9590426
-1.0834138 -0.2654548 0.5437332 0.2831167 0.0031907 0.0108081 -0.9590192
-1.0877515 -0.2683649 0.5438465 0.2831963 0.0031888 0.0107983 -0.9589958
-1.0920893 -0.2712751 0.5439597 0.2832760 0.0031868 0.0107884 -0.9589725
-1.0964271 -0.2741852 0.5440729 0.2833609 0.0031848 0.0107779 -0.9589475
-1.1007648 -0.2770954 0.5441862 0.2834488 0.0031826 0.0107670 -0.9589216
-1.1051026 -0.2800055 0.5442994 0.2835367 0.0031805 0.0107561 -0.9588958
-1.1094404 -0.2829157 0.5444127 0.2836246 0.0031783 0.0107452 -0.9588699
-1.1137781 -0.2858258 0.5445259 0.2837125 0.0031762 0.0107343 -0.9588440
-1.1181159 -0.2887360 0.5446391 0.2838004 0.0031740 0.0107234 -0.9588181
-1.1224537 -0.2916461 0.5447524 0.2838938 0.0031717 0.0107118 -0.9587906
-1.1267915 -0.2945563 0.5448656 0.2839913 0.0031693 0.0106997 -0.9587619
-1.1311292 -0.2974664 0.5449789 0.2840889 0.0031669 0.0106877 -0.9587331
-1.1354670 -0.3003766 0.5450921 0.2841865 0.0031645 0.0106756 -0.9587043
-1.1398048 -0.3032867 0.5452053 0.2842840 0.0031621 0.0106635 -0.9586756
-1.1441425 -0.3061969 0.5453186 0.2843816 0.0031597 0.0106514 -0.9586468
-1.1484803 -0.3091070 0.5454318 0.2846201 0.0031605 0.0106444 -0.9585759
-1.1528181 -0.3120172 0.5455451 0.2850025 0.0031647 0.0106428 -0.9584619
-1.1571559 -0.3149273 0.5456583 0.2853849 0.0031688 0.0106411 -0.9583479
-1.1614936 -0.3178375 0.5457715 0.2857673 0.0031729 0.0106394 -0.9582340
-1.1658314 -0.3207476 0.5458848 0.2861497 0.0031770 0.0106377 -0.9581200
-1.1701692 -0.3236578 0.5459980 0.2865321 0.0031812 0.0106360 -0.9580060
-1.1745069 -0.3265679 0.5461113 0.2869365 0.0031855 0.0106342 -0.9578850
-1.1788447 -0.3294781 0.5462245 0.2873706 0.0031902 0.0106323 -0.9577544
-1.1831825 -0.3323882 0.5463377 0.2878047 0.0031948 0.0106303 -0.9576238
-1.1875202 -0.3352984 0.5464510 0.2882388 0.0031995 0.0106283 -0.9574932
-1.1918580 -0.3382085 0.5465642 0.2886730 0.0032042 0.0106263 -0.9573626
-1.1961958 -0.3411187 0.5466775 0.2891071 0.0032088 0.0106244 -0.9572320
-1.2003880 -0.3440677 0.5467904 0.2895635 0.0032137 0.0106223 -0.9570942
-1.2043139 -0.3470876 0.5469030 0.2900605 0.0032190 0.0106199 -0.9569431
-1.2082399 -0.3501076 0.5470155 0.2905576 0.0032243 0.0106176 -0.9567919
-1.2121658 -0.3531276 0.5471280 0.2910547 0.0032297 0.0106153 -0.9566408
-1.2160918 -0.3561475 0.5472405 0.2915517 0.0032350 0.0106129 -0.9564897
-1.2200177 -0.3591675 0.5473530 0.2920488 0.0032403 0.0106106 -0.9563385
-1.2239437 -0.3621875 0.5474655 0.2925678 0.0032458 0.0106081 -0.9561801
-1.2278697 -0.3652074 0.5475780 0.2931425 0.0032519 0.0106053 -0.9560032
-1.2317956 -0.3682274 0.5476905 0.2937172 0.0032580 0.0106025 -0.9558264
-1.2357216 -0.3712474 0.5478030 0.2942919 0.0032642 0.0105997 -0.9556495
-1.2396475 -0.3742673 0.5479156 0.2948666 0.0032703 0.0105968 -0.9554726
-1.2435735 -0.3772873 0.5480281 0.2954413 0.0032764 0.0105940 -0.9552957
-1.2474994 -0.3803073 0.5481406 0.2960367 0.0032827 0.0105911 -0.9551119
-1.2514254 -0.3833272 0.5482531 0.2967087 0.0032898 0.0105876 -0.9549022
-1.2553514 -0.3863472 0.5483656 0.2973806 0.0032969 0.0105842 -0.9546924
-1.2592773 -0.3893672 0.5484781 0.2980526 0.0033040 0.0105808 -0.9544827
-1.2632033 -0.3923871 0.5485906 0.2987246 0.0033111 0.0105773 -0.9542730
-1.2671292 -0.3954071 0.5487031 0.2993966 0.0033182 0.0105739 -0.9540632
-1.2710552 -0.3984271 0.5488156 0.3000861 0.0033255 0.0105703 -0.9538474
-1.2749811 -0.4014470 0.5489282 0.3008822 0.0033338 0.0105660 -0.9535949
-1.2789071 -0.4044670 0.5490407 0.3016783 0.0033422 0.0105617 -0.9533423
-1.2828331 -0.4074870 0.5491532 0.3024744 0.0033505 0.0105575 -0.9530898
-1.2867590 -0.4105069 0.5492657 0.3032705 0.0033589 0.0105532 -0.9528372
-1.2906850 -0.4135269 0.5493782 0.3040666 0.0033672 0.0105489 -0.9525847
-1.2946109 -0.4165469 0.5494907 0.3048227 0.0033752 0.0105451 -0.9523447
-1.2985369 -0.4195668 0.5496032 0.3050530 0.0033790 0.0105480 -0.9522708
-1.3024628 -0.4225868 0.5497157 0.3052832 0.0033827 0.0105509 -0.9521969
-1.3063888 -0.4256068 0.5498282 0.3055135 0.0033865 0.0105537 -0.9521230
-1.3103148 -0.4286267 0.5499408 0.3057437 0.0033902 0.0105566 -0.9520490
-1.3142407 -0.4316467 0.5500533 0.3059740 0.0033939 0.0105595 -0.9519751
-1.3181667 -0.4346667 0.5501658 0.3062042 0.0033977 0.0105624 -0.9519012
