2.3631942 -0.1141262 0.4553988 0.8655634 0.0003770 -0.0002181 0.5007992
2.3635808 -0.1137104 0.4553986 0.8653018 0.0003749 -0.0002172 0.5012497
2.3639674 -0.1132946 0.4553984 0.8650402 0.0003728 -0.0002162 0.5017001
2.3643540 -0.1128787 0.4553982 0.8647787 0.0003707 -0.0002152 0.5021506
2.3647406 -0.1124629 0.4553979 0.8645171 0.0003686 -0.0002143 0.5026011
2.3651272 -0.1120471 0.4553977 0.8642555 0.0003665 -0.0002133 0.5030516
2.3655138 -0.1116313 0.4553975 0.8639939 0.0003644 -0.0002123 0.5035021
2.3659004 -0.1112155 0.4553973 0.8637907 0.0003627 -0.0002116 0.5038498
2.3662870 -0.1107997 0.4553971 0.8635882 0.0003611 -0.0002108 0.5041964
2.3666736 -0.1103839 0.4553968 0.8633857 0.0003595 -0.0002101 0.5045429
2.3670602 -0.1099680 0.4553966 0.8631832 0.0003579 -0.0002093 0.5048894
2.3674468 -0.1095522 0.4553964 0.8629807 0.0003563 -0.0002086 0.5052360
2.3678334 -0.1091364 0.4553962 0.8627782 0.0003546 -0.0002078 0.5055825
2.3682480 -0.1083988 0.4553971 0.8626158 0.0003533 -0.0002072 0.5058590
2.3686633 -0.1076534 0.4553981 0.8624544 0.0003521 -0.0002066 0.5061339
2.3690786 -0.1069080 0.4553991 0.8622930 0.0003508 -0.0002060 0.5064087
2.3694938 -0.1061626 0.4554001 0.8621315 0.0003495 -0.0002054 0.5066835
2.3699091 -0.1054171 0.4554011 0.8619701 0.0003482 -0.0002048 0.5069584
2.3703244 -0.1046717 0.4554021 0.8618087 0.0003469 -0.0002042 0.5072332
2.3707421 -0.1038986 0.4554032 0.8616760 0.0003459 -0.0002037 0.5074583
2.3711598 -0.1031246 0.4554043 0.8615444 0.0003448 -0.0002032 0.5076816
2.3715776 -0.1023505 0.4554054 0.8614127 0.0003438 -0.0002027 0.5079049
2.3719954 -0.1015764 0.4554065 0.8612810 0.0003427 -0.0002022 0.5081282
2.3724131 -0.1008023 0.4554076 0.8611494 0.0003417 -0.0002017 0.5083515
2.3728309 -0.1000282 0.4554087 0.8610177 0.0003407 -0.0002012 0.5085748
2.3732486 -0.0992541 0.4554098 0.8595648 0.0003394 -0.0002018 0.5109859
2.3736664 -0.0984800 0.4554109 0.8580457 0.0003381 -0.0002023 0.5135063
2.3740842 -0.0977059 0.4554120 0.8565267 0.0003369 -0.0002029 0.5160268
2.3745019 -0.0969319 0.4554131 0.8550077 0.0003356 -0.0002035 0.5185472
2.3749197 -0.0961578 0.4554142 0.8534886 0.0003343 -0.0002041 0.5210677
2.3753375 -0.0953837 0.4554153 0.8519696 0.0003331 -0.0002047 0.5235882
2.3757552 -0.0946096 0.4554164 0.8505693 0.0003319 -0.0002052 0.5258315
2.3761730 -0.0938355 0.4554175 0.8491765 0.0003308 -0.0002057 0.5280574
2.3765908 -0.0930614 0.4554186 0.8477838 0.0003297 -0.0002062 0.5302832
2.3770085 -0.0922873 0.4554197 0.8463910 0.0003286 -0.0002067 0.5325090
2.3774263 -0.0915132 0.4554208 0.8449982 0.0003274 -0.0002072 0.5347348
2.3778441 -0.0907392 0.4554219 0.8436055 0.0003263 -0.0002077 0.5369607
2.3782618 -0.0899651 0.4554230 0.8424047 0.0003253 -0.0002081 0.5388243
2.3786796 -0.0891910 0.4554241 0.8412187 0.0003243 -0.0002084 0.5406601
2.3790974 -0.0884169 0.4554252 0.8400327 0.0003233 -0.0002088 0.5424959
2.3795151 -0.0876428 0.4554263 0.8388467 0.0003224 -0.0002092 0.5443317
2.3799329 -0.0868687 0.4554274 0.8376606 0.0003214 -0.0002095 0.5461675
2.3803507 -0.0860946 0.4554285 0.8364746 0.0003204 -0.0002099 0.5480034
2.3807684 -0.0853205 0.4554296 0.8354408 0.0003195 -0.0002102 0.5495659
2.3811862 -0.0845465 0.4554307 0.8344208 0.0003187 -0.0002105 0.5511035
2.3816040 -0.0837724 0.4554318 0.8334008 0.0003178 -0.0002107 0.5526412
2.3820217 -0.0829983 0.4554329 0.8323808 0.0003169 -0.0002110 0.5541788
2.3824395 -0.0822242 0.4554340 0.8313608 0.0003161 -0.0002113 0.5557165
2.3828572 -0.0814501 0.4554351 0.8303408 0.0003152 -0.0002116 0.5572541
2.3834364 -0.0803267 0.4554361 0.8294426 0.0003145 -0.0002118 0.5585815
2.3840324 -0.0791665 0.4554370 0.8285574 0.0003137 -0.0002120 0.5598867
2.3846285 -0.0780063 0.4554379 0.8276721 0.0003130 -0.0002122 0.5611919
2.3852246 -0.0768461 0.4554388 0.8267868 0.0003122 -0.0002124 0.5624971
2.3858207 -0.0756859 0.4554397 0.8259015 0.0003115 -0.0002126 0.5638024
2.3864168 -0.0745257 0.4554405 0.8250162 0.0003107 -0.0002128 0.5651076
2.3870268 -0.0733355 0.4554414 0.8242295 0.0003100 -0.0002130 0.5662482
2.3876383 -0.0721417 0.4554423 0.8234547 0.0003094 -0.0002131 0.5673691
2.3882499 -0.0709479 0.4554432 0.8226799 0.0003087 -0.0002133 0.5684900
2.3888615 -0.0697542 0.4554441 0.8219051 0.0003080 -0.0002135 0.5696108
2.3894731 -0.0685604 0.4554450 0.8211303 0.0003074 -0.0002136 0.5707317
2.3900847 -0.0673666 0.4554458 0.8203555 0.0003067 -0.0002138 0.5718526
2.3906963 -0.0661728 0.4554467 0.8186446 0.0003088 -0.0002167 0.5742608
2.3913079 -0.0649791 0.4554476 0.8168072 0.0003112 -0.0002199 0.5768430
2.3919195 -0.0637853 0.4554485 0.8149697 0.0003137 -0.0002232 0.5794252
2.3925311 -0.0625915 0.4554494 0.8131323 0.0003162 -0.0002264 0.5820074
2.3931427 -0.0613977 0.4554502 0.8112949 0.0003186 -0.0002297 0.5845896
2.3937543 -0.0602039 0.4554511 0.8094574 0.0003211 -0.0002329 0.5871719
2.3943659 -0.0590102 0.4554520 0.8076858 0.0003233 -0.0002361 0.5895798
2.3949775 -0.0578164 0.4554529 0.8059240 0.0003255 -0.0002392 0.5919615
2.3955891 -0.0566226 0.4554538 0.8041622 0.0003277 -0.0002423 0.5943431
2.3962007 -0.0554288 0.4554546 0.8024005 0.0003299 -0.0002454 0.5967248
2.3968123 -0.0542351 0.4554555 0.8006387 0.0003321 -0.0002486 0.5991065
2.3974239 -0.0530413 0.4554564 0.7988770 0.0003343 -0.0002517 0.6014882
2.3980355 -0.0518475 0.4554573 0.7973117 0.0003343 -0.0002531 0.6035444
2.3986471 -0.0506537 0.4554582 0.7957791 0.0003340 -0.0002541 0.6055463
2.3992587 -0.0494600 0.4554590 0.7942466 0.0003336 -0.0002552 0.6075482
2.3998703 -0.0482662 0.4554599 0.7927141 0.0003333 -0.0002563 0.6095502
2.4004819 -0.0470724 0.4554608 0.7911815 0.0003330 -0.0002574 0.6115521
2.4010935 -0.0458786 0.4554617 0.7896490 0.0003327 -0.0002585 0.6135540
2.4017051 -0.0446849 0.4554626 0.7881928 0.0003321 -0.0002593 0.6154091
2.4023167 -0.0434911 0.4554634 0.7867505 0.0003316 -0.0002601 0.6172372
2.4029283 -0.0422973 0.4554643 0.7853083 0.0003310 -0.0002610 0.6190654
2.4035399 -0.0411035 0.4554652 0.7838660 0.0003305 -0.0002618 0.6208935
2.4041515 -0.0399097 0.4554661 0.7824238 0.0003299 -0.0002626 0.6227216
2.4047631 -0.0387160 0.4554670 0.7809815 0.0003294 -0.0002634 0.6245498
2.4050765 -0.0371610 0.4554680 0.7796033 0.0003288 -0.0002642 0.6262574
2.4053303 -0.0355339 0.4554691 0.7782378 0.0003283 -0.0002649 0.6279409
2.4055841 -0.0339067 0.4554702 0.7768723 0.0003277 -0.0002656 0.6296244
2.4058379 -0.0322796 0.4554713 0.7755069 0.0003272 -0.0002663 0.6313079
2.4060917 -0.0306524 0.4554724 0.7741414 0.0003266 -0.0002670 0.6329914
2.4063455 -0.0290253 0.4554734 0.7727760 0.0003260 -0.0002678 0.6346749
2.4065738 -0.0273672 0.4554745 0.7714707 0.0003255 -0.0002684 0.6362511
2.4067965 -0.0257023 0.4554756 0.7701785 0.0003249 -0.0002691 0.6378039
2.4070192 -0.0240375 0.4554767 0.7688862 0.0003243 -0.0002697 0.6393567
2.4072418 -0.0223727 0.4554778 0.7675940 0.0003238 -0.0002703 0.6409096
2.4074645 -0.0207078 0.4554789 0.7663018 0.0003232 -0.0002710 0.6424624
2.4076872 -0.0190430 0.4554800 0.7650096 0.0003227 -0.0002716 0.6440152
2.4079099 -0.0173782 0.4554811 0.7639597 0.0003225 -0.0002724 0.6452562
2.4081326 -0.0157133 0.4554822 0.7629668 0.0003225 -0.0002733 0.6464237
2.4083553 -0.0140485 0.4554833 0.7619739 0.0003225 -0.0002741 0.6475912
2.4085780 -0.0123836 0.4554844 0.7609811 0.0003225 -0.0002750 0.6487588
2.4088007 -0.0107188 0.4554855 0.7599882 0.0003225 -0.0002758 0.6499263
2.4090233 -0.0090540 0.4554866 0.7589953 0.0003225 -0.0002766 0.6510938
2.4092460 -0.0073891 0.4554877 0.7580317 0.0003225 -0.0002775 0.6522108
2.4094687 -0.0057243 0.4554888 0.7570755 0.0003225 -0.0002783 0.6533149
2.4096914 -0.0040595 0.4554899 0.7561193 0.0003225 -0.0002791 0.6544190
2.4099141 -0.0023946 0.4554910 0.7551631 0.0003225 -0.0002800 0.6555232
2.4101368 -0.0007298 0.4554921 0.7542069 0.0003225 -0.0002808 0.6566273
2.4103595 0.0009351 0.4554932 0.7532507 0.0003225 -0.0002816 0.6577314
2.4105822 0.0025999 0.4554943 0.7521247 0.0003233 -0.0002833 0.6590109
2.4108048 0.0042647 0.4554954 0.7509524 0.0003243 -0.0002852 0.6603383
2.4110275 0.0059296 0.4554965 0.7497801 0.0003252 -0.0002870 0.6616656
2.4112502 0.0075944 0.4554976 0.7486079 0.0003262 -0.0002889 0.6629930
2.4114729 0.0092592 0.4554987 0.7474356 0.0003272 -0.0002908 0.6643203
2.4116956 0.0109241 0.4554999 0.7462633 0.0003281 -0.0002927 0.6656476
2.4119183 0.0125889 0.4555010 0.7450640 0.0003291 -0.0002946 0.6669830
2.4121410 0.0142538 0.4555021 0.7438567 0.0003301 -0.0002966 0.6683207
2.4123637 0.0159186 0.4555032 0.7426495 0.0003311 -0.0002986 0.6696584
2.4125863 0.0175834 0.4555043 0.7414423 0.0003321 -0.0003006 0.6709961
2.4128090 0.0192483 0.4555054 0.7402350 0.0003331 -0.0003026 0.6723338
2.4130317 0.0209131 0.4555065 0.7390278 0.0003341 -0.0003045 0.6736715
2.4130199 0.0227733 0.4555082 0.7378092 0.0003350 -0.0003065 0.6749996
2.4129349 0.0246945 0.4555101 0.7365870 0.0003359 -0.0003085 0.6763246
2.4128499 0.0266158 0.4555120 0.7353649 0.0003369 -0.0003105 0.6776497
2.4127648 0.0285370 0.4555139 0.7341427 0.0003378 -0.0003125 0.6789748
2.4126798 0.0304583 0.4555158 0.7329206 0.0003387 -0.0003145 0.6802998
2.4125948 0.0323795 0.4555177 0.7316984 0.0003397 -0.0003164 0.6816249
2.4124896 0.0343175 0.4555197 0.7304661 0.0003406 -0.0003184 0.6829395
2.4123779 0.0362610 0.4555217 0.7292303 0.0003414 -0.0003204 0.6842505
2.4122661 0.0382045 0.4555237 0.7279945 0.0003423 -0.0003224 0.6855616
2.4121543 0.0401481 0.4555256 0.7267587 0.0003432 -0.0003244 0.6868726
2.4120425 0.0420916 0.4555276 0.7255230 0.0003440 -0.0003263 0.6881836
2.4119307 0.0440351 0.4555296 0.7242872 0.0003449 -0.0003283 0.6894947
2.4118189 0.0459787 0.4555316 0.7230424 0.0003457 -0.0003303 0.6907944
2.4117071 0.0479222 0.4555336 0.7217943 0.0003465 -0.0003323 0.6920901
2.4115953 0.0498658 0.4555355 0.7205463 0.0003473 -0.0003343 0.6933858
2.4114835 0.0518093 0.4555375 0.7192982 0.0003481 -0.0003362 0.6946814
2.4113717 0.0537528 0.4555395 0.7180502 0.0003489 -0.0003382 0.6959771
2.4112599 0.0556964 0.4555415 0.7168021 0.0003497 -0.0003402 0.6972728
2.4111481 0.0576399 0.4555435 0.7155462 0.0003505 -0.0003422 0.6985564
2.4110363 0.0595834 0.4555454 0.7142872 0.0003512 -0.0003441 0.6998354
2.4109245 0.0615270 0.4555474 0.7130283 0.0003520 -0.0003461 0.7011145
2.4108127 0.0634705 0.4555494 0.7117694 0.0003527 -0.0003481 0.7023935
2.4107009 0.0654140 0.4555514 0.7105104 0.0003534 -0.0003501 0.7036726
2.4105891 0.0673576 0.4555534 0.7092515 0.0003542 -0.0003520 0.7049516
2.4104773 0.0693011 0.4555554 0.7084594 0.0003554 -0.0003541 0.7057494
2.4103655 0.0712446 0.4555573 0.7078540 0.0003569 -0.0003562 0.7063548
2.4102537 0.0731882 0.4555593 0.7072486 0.0003584 -0.0003583 0.7069601
2.4101419 0.0751317 0.4555613 0.7066432 0.0003598 -0.0003603 0.7075655
2.4100301 0.0770753 0.4555633 0.7060378 0.0003613 -0.0003624 0.7081708
2.4099183 0.0790188 0.4555653 0.7054324 0.0003628 -0.0003645 0.7087762
2.4098065 0.0809623 0.4555672 0.7048555 0.0003643 -0.0003666 0.7093490
2.4096947 0.0829059 0.4555692 0.7042908 0.0003659 -0.0003688 0.7099081
2.4095829 0.0848494 0.4555712 0.7037261 0.0003674 -0.0003710 0.7104672
2.4094711 0.0867929 0.4555732 0.7031613 0.0003690 -0.0003731 0.7110263
2.4093594 0.0887365 0.4555752 0.7025966 0.0003705 -0.0003753 0.7115854
2.4092476 0.0906800 0.4555772 0.7020319 0.0003721 -0.0003774 0.7121446
2.4091623 0.0921830 0.4555789 0.7014547 0.0003736 -0.0003796 0.7127121
2.4090890 0.0934885 0.4555806 0.7008720 0.0003752 -0.0003819 0.7132835
2.4090157 0.0947940 0.4555823 0.7002892 0.0003768 -0.0003841 0.7138549
2.4089423 0.0960995 0.4555840 0.6997065 0.0003783 -0.0003863 0.7144262
2.4088690 0.0974050 0.4555856 0.6991238 0.0003799 -0.0003886 0.7149976
2.4087957 0.0987105 0.4555873 0.6985410 0.0003815 -0.0003908 0.7155690
2.4087246 0.0999783 0.4555890 0.6979456 0.0003831 -0.0003931 0.7161488
2.4086546 0.1012283 0.4555906 0.6973441 0.0003846 -0.0003954 0.7167327
2.4085846 0.1024783 0.4555923 0.6967427 0.0003862 -0.0003977 0.7173166
2.4085146 0.1037284 0.4555939 0.6961412 0.0003878 -0.0004000 0.7179005
2.4084447 0.1049784 0.4555956 0.6955398 0.0003894 -0.0004023 0.7184843
2.4083747 0.1062284 0.4555972 0.6949383 0.0003910 -0.0004046 0.7190682
2.4083047 0.1074784 0.4555989 0.6950917 0.0003759 -0.0003889 0.7189195
2.4082347 0.1087284 0.4556005 0.6956226 0.0003525 -0.0003643 0.7184045
2.4081647 0.1099784 0.4556022 0.6961534 0.0003291 -0.0003397 0.7178895
2.4080947 0.1112284 0.4556038 0.6966842 0.0003056 -0.0003150 0.7173745
2.4080247 0.1124785 0.4556055 0.6972151 0.0002822 -0.0002904 0.7168595
2.4079548 0.1137285 0.4556071 0.6977459 0.0002588 -0.0002658 0.7163445
2.4078848 0.1149785 0.4556088 0.6982569 0.0002372 -0.0002433 0.7158460
2.4078148 0.1162285 0.4556104 0.6987574 0.0002166 -0.0002220 0.7153562
2.4077448 0.1174785 0.4556121 0.6992579 0.0001960 -0.0002007 0.7148664
2.4076748 0.1187285 0.4556137 0.6997584 0.0001754 -0.0001793 0.7143766
2.4076048 0.1199785 0.4556154 0.7002589 0.0001548 -0.0001580 0.7138868
2.4075348 0.1212286 0.4556170 0.7007593 0.0001342 -0.0001367 0.7133970
2.4074649 0.1224786 0.4556187 0.7014774 0.0001153 -0.0001173 0.7126883
2.4073949 0.1237286 0.4556203 0.7023164 0.0000974 -0.0000990 0.7118579
2.4073249 0.1249786 0.4556220 0.7031554 0.0000795 -0.0000807 0.7110275
2.4072549 0.1262286 0.4556236 0.7039944 0.0000616 -0.0000625 0.7101970
2.4071849 0.1274786 0.4556253 0.7048334 0.0000436 -0.0000442 0.7093666
2.4071149 0.1287286 0.4556269 0.7056724 0.0000257 -0.0000259 0.7085362
2.4070449 0.1299787 0.4556286 0.7064434 0.0000095 -0.0000096 0.7077670
2.4069750 0.1312287 0.4556302 0.7071745 -0.0000058 0.0000056 0.7070336
2.4069050 0.1324787 0.4556319 0.7079057 -0.0000211 0.0000207 0.7063002
2.4068350 0.1337287 0.4556336 0.7086369 -0.0000363 0.0000359 0.7055667
2.4067650 0.1349787 0.4556352 0.7093681 -0.0000516 0.0000511 0.7048333
2.4066950 0.1362287 0.4556369 0.7100993 -0.0000669 0.0000662 0.7040999
2.4066250 0.1374787 0.4556385 0.7107596 -0.0000808 0.0000799 0.7034331
2.4065550 0.1387288 0.4556402 0.7113763 -0.0000939 0.0000926 0.7028074
2.4064851 0.1399788 0.4556418 0.7119929 -0.0001070 0.0001053 0.7021817
2.4064151 0.1412288 0.4556435 0.7126096 -0.0001201 0.0001180 0.7015561
2.4063451 0.1424788 0.4556451 0.7132262 -0.0001331 0.0001307 0.7009304
2.4062751 0.1437288 0.4556468 0.7138428 -0.0001462 0.0001434 0.7003047
2.4062051 0.1449788 0.4556484 0.7144050 -0.0001583 0.0001550 0.6997311
2.4061351 0.1462288 0.4556501 0.7149319 -0.0001696 0.0001658 0.6991912
2.4060651 0.1474789 0.4556517 0.7154588 -0.0001810 0.0001766 0.6986512
2.4059952 0.1487289 0.4556534 0.7159857 -0.0001923 0.0001874 0.6981113
2.4059252 0.1499789 0.4556550 0.7165126 -0.0002037 0.0001982 0.6975714
2.4058552 0.1512289 0.4556567 0.7170395 -0.0002150 0.0002090 0.6970315
2.4057852 0.1524789 0.4556583 0.7170153 -0.0002196 0.0002135 0.6970566
2.4057152 0.1537289 0.4556600 0.7166162 -0.0002195 0.0002137 0.6974660
2.4056452 0.1549789 0.4556616 0.7162171 -0.0002195 0.0002139 0.6978754
2.4055752 0.1562290 0.4556633 0.7158180 -0.0002195 0.0002141 0.6982848
2.4055053 0.1574790 0.4556649 0.7154189 -0.0002194 0.0002143 0.6986942
2.4054353 0.1587290 0.4556666 0.7150198 -0.0002194 0.0002145 0.6991036
2.4053653 0.1599790 0.4556682 0.7146049 -0.0002188 0.0002142 0.6995274
2.4052953 0.1612290 0.4556699 0.7141788 -0.0002180 0.0002136 0.6999614
2.4052253 0.1624790 0.4556715 0.7137527 -0.0002171 0.0002131 0.7003954
2.4051553 0.1637290 0.4556732 0.7133266 -0.0002163 0.0002125 0.7008294
2.4050853 0.1649791 0.4556748 0.7129006 -0.0002154 0.0002119 0.7012634
2.4050154 0.1662291 0.4556765 0.7124745 -0.0002145 0.0002113 0.7016973
2.4049454 0.1674791 0.4556781 0.7120505 -0.0002134 0.0002104 0.7021274
2.4048754 0.1687291 0.4556798 0.7116280 -0.0002120 0.0002092 0.7025546
2.4048054 0.1699791 0.4556814 0.7112056 -0.0002105 0.0002081 0.7029818
2.4047354 0.1712291 0.4556831 0.7107831 -0.0002091 0.0002069 0.7034089
2.4046654 0.1724791 0.4556847 0.7103607 -0.0002077 0.0002058 0.7038361
2.4045954 0.1737292 0.4556864 0.7099382 -0.0002063 0.0002047 0.7042633
2.4045255 0.1749792 0.4556880 0.7095414 -0.0002050 0.0002035 0.7046630
2.4044555 0.1762292 0.4556897 0.7091649 -0.0002037 0.0002025 0.7050412
2.4043855 0.1774792 0.4556913 0.7087883 -0.0002024 0.0002014 0.7054194
2.4043155 0.1787292 0.4556930 0.7084117 -0.0002011 0.0002003 0.7057977
2.4042455 0.1799792 0.4556946 0.7080351 -0.0001998 0.0001993 0.7061759
2.4041755 0.1812292 0.4556963 0.7076585 -0.0001985 0.0001982 0.7065541
2.4043610 0.1846888 0.4556923 0.7073047 -0.0001973 0.0001972 0.7069082
2.4047576 0.1899737 0.4556838 0.7069699 -0.0001962 0.0001962 0.7072425
2.4051541 0.1952586 0.4556752 0.7066350 -0.0001950 0.0001953 0.7075768
2.4055507 0.2005435 0.4556666 0.7063001 -0.0001939 0.0001943 0.7079111
2.4059472 0.2058284 0.4556580 0.7059652 -0.0001927 0.0001934 0.7082454
2.4063438 0.2111133 0.4556495 0.7056303 -0.0001916 0.0001924 0.7085797
2.4067620 0.2165862 0.4556404 0.7053143 -0.0001905 0.0001915 0.7088943
2.4071991 0.2222219 0.4556309 0.7050145 -0.0001895 0.0001906 0.7091919
2.4076363 0.2278577 0.4556215 0.7047148 -0.0001885 0.0001898 0.7094895
2.4080734 0.2334934 0.4556120 0.7044151 -0.0001875 0.0001889 0.7097871
2.4085105 0.2391292 0.4556025 0.7041154 -0.0001865 0.0001881 0.7100847
2.4089476 0.2447650 0.4555931 0.7038157 -0.0001855 0.0001872 0.7103823
2.4093847 0.2504007 0.4555836 0.7034979 -0.0001831 0.0001850 0.7106968
2.4098218 0.2560365 0.4555741 0.7031638 -0.0001795 0.0001815 0.7110268
2.4102589 0.2616722 0.4555647 0.7028297 -0.0001759 0.0001780 0.7113567
2.4106961 0.2673080 0.4555552 0.7024956 -0.0001722 0.0001745 0.7116866
2.4111332 0.2729437 0.4555457 0.7021615 -0.0001686 0.0001710 0.7120166
2.4115703 0.2785795 0.4555363 0.7018274 -0.0001650 0.0001675 0.7123465
2.4120074 0.2842153 0.4555268 0.7015052 -0.0001614 0.0001640 0.7126639
2.4124445 0.2898510 0.4555173 0.7011942 -0.0001579 0.0001606 0.7129694
2.4128816 0.2954868 0.4555079 0.7008832 -0.0001544 0.0001571 0.7132749
2.4133188 0.3011225 0.4554984 0.7005722 -0.0001509 0.0001537 0.7135803
2.4137559 0.3067583 0.4554889 0.7002612 -0.0001474 0.0001503 0.7138858
2.4141930 0.3123940 0.4554795 0.6999502 -0.0001439 0.0001468 0.7141912
2.4146301 0.3180298 0.4554700 0.6996519 -0.0001406 0.0001435 0.7144836
2.4150672 0.3236656 0.4554605 0.6993662 -0.0001374 0.0001404 0.7147627
2.4155043 0.3293013 0.4554511 0.6990806 -0.0001342 0.0001372 0.7150419
2.4159414 0.3349371 0.4554416 0.6987949 -0.0001310 0.0001340 0.7153211
2.4163786 0.3405728 0.4554321 0.6985092 -0.0001278 0.0001309 0.7156003
2.4168157 0.3462086 0.4554227 0.6982235 -0.0001246 0.0001277 0.7158795
2.4172528 0.3518443 0.4554132 0.6979488 -0.0001215 0.0001247 0.7161474
2.4176899 0.3574801 0.4554037 0.6976855 -0.0001186 0.0001217 0.7164035
2.4181270 0.3631159 0.4553943 0.6974222 -0.0001156 0.0001188 0.7166597
2.4185641 0.3687516 0.4553848 0.6971589 -0.0001127 0.0001159 0.7169158
2.4190012 0.3743874 0.4553753 0.6968956 -0.0001098 0.0001130 0.7171719
2.4194384 0.3800231 0.4553659 0.6966323 -0.0001068 0.0001100 0.7174281
2.4194778 0.3855064 0.4553608 0.6963784 -0.0001040 0.0001072 0.7176745
2.4190798 0.3908219 0.4553607 0.6961350 -0.0001013 0.0001045 0.7179104
2.4186818 0.3961375 0.4553605 0.6958915 -0.0000987 0.0001018 0.7181462
2.4182838 0.4014530 0.4553604 0.6956481 -0.0000960 0.0000991 0.7183820
2.4178858 0.4067686 0.4553602 0.6954046 -0.0000933 0.0000964 0.7186178
2.4174878 0.4120841 0.4553601 0.6951612 -0.0000906 0.0000937 0.7188537
2.4170561 0.4173867 0.4553603 0.6949259 -0.0000880 0.0000910 0.7190811
2.4165855 0.4226744 0.4553610 0.6947002 -0.0000855 0.0000885 0.7192990
2.4161149 0.4279621 0.4553616 0.6944744 -0.0000830 0.0000860 0.7195168
2.4156443 0.4332498 0.4553623 0.6942487 -0.0000805 0.0000835 0.7197346
2.4151737 0.4385375 0.4553630 0.6940229 -0.0000781 0.0000810 0.7199524
2.4147031 0.4438252 0.4553636 0.6937972 -0.0000756 0.0000784 0.7201703
2.4142325 0.4491129 0.4553643 0.6934946 -0.0000729 0.0000758 0.7204613
2.4137619 0.4544006 0.4553649 0.6930990 -0.0000701 0.0000729 0.7208410
2.4132913 0.4596883 0.4553656 0.6927034 -0.0000673 0.0000700 0.7212207
2.4128207 0.4649760 0.4553663 0.6923078 -0.0000645 0.0000672 0.7216004
2.4123501 0.4702636 0.4553669 0.6919122 -0.0000616 0.0000643 0.7219802
2.4118795 0.4755513 0.4553676 0.6915167 -0.0000588 0.0000614 0.7223599
2.4114088 0.4808390 0.4553682 0.6911234 -0.0000561 0.0000586 0.7227363
2.4109382 0.4861267 0.4553689 0.6907329 -0.0000534 0.0000558 0.7231087
2.4104676 0.4914144 0.4553696 0.6903425 -0.0000507 0.0000531 0.7234810
2.4099970 0.4967021 0.4553702 0.6899520 -0.0000480 0.0000503 0.7238533
2.4095264 0.5019898 0.4553709 0.6895616 -0.0000453 0.0000475 0.7242256
2.4090558 0.5072775 0.4553716 0.6891712 -0.0000426 0.0000448 0.7245980
2.4085852 0.5125652 0.4553722 0.6886115 -0.0000376 0.0000395 0.7251285
2.4081146 0.5178529 0.4553729 0.6878262 -0.0000295 0.0000310 0.7258701
2.4076440 0.5231406 0.4553735 0.6870410 -0.0000214 0.0000224 0.7266117
2.4071734 0.5284283 0.4553742 0.6862557 -0.0000132 0.0000139 0.7273533
2.4067028 0.5337160 0.4553749 0.6854704 -0.0000051 0.0000053 0.7280948
2.4062322 0.5390037 0.4553755 0.6846852 0.0000030 -0.0000032 0.7288364
2.4057615 0.5442914 0.4553762 0.6838732 0.0000114 -0.0000122 0.7295987
2.4052909 0.5495791 0.4553768 0.6830240 0.0000201 -0.0000216 0.7303900
2.4048203 0.5548668 0.4553775 0.6821747 0.0000288 -0.0000310 0.7311812
2.4043497 0.5601545 0.4553782 0.6813255 0.0000375 -0.0000405 0.7319725
2.4038791 0.5654421 0.4553788 0.6804762 0.0000462 -0.0000499 0.7327637
2.4034085 0.5707298 0.4553795 0.6796269 0.0000549 -0.0000594 0.7335550
2.4029056 0.5758514 0.4553817 0.6787651 0.0000637 -0.0000690 0.7343532
2.4023553 0.5807286 0.4553862 0.6778848 0.0000725 -0.0000788 0.7351619
2.4018049 0.5856058 0.4553907 0.6770044 0.0000814 -0.0000886 0.7359705
2.4012546 0.5904831 0.4553952 0.6761241 0.0000902 -0.0000985 0.7367791
2.4007042 0.5953603 0.4553997 0.6752438 0.0000990 -0.0001083 0.7375877
2.4001539 0.6002375 0.4554042 0.6743635 0.0001079 -0.0001182 0.7383964
2.3996008 0.6051007 0.4554089 0.6734704 0.0001167 -0.0001282 0.7392119
2.3990435 0.6099422 0.4554137 0.6725578 0.0001257 -0.0001384 0.7400380
2.3984862 0.6147838 0.4554186 0.6716452 0.0001346 -0.0001487 0.7408641
2.3979289 0.6196253 0.4554234 0.6707325 0.0001436 -0.0001590 0.7416902
2.3973717 0.6244668 0.4554283 0.6698199 0.0001525 -0.0001692 0.7425163
2.3968144 0.6293083 0.4554331 0.6689072 0.0001615 -0.0001795 0.7433425
2.3962571 0.6341499 0.4554379 0.6678030 0.0001702 -0.0001898 0.7443329
2.3956998 0.6389914 0.4554428 0.6663873 0.0001786 -0.0002000 0.7455903
2.3951425 0.6438329 0.4554476 0.6649717 0.0001869 -0.0002103 0.7468478
2.3945852 0.6486744 0.4554525 0.6635560 0.0001953 -0.0002206 0.7481052
2.3940280 0.6535160 0.4554573 0.6621404 0.0002037 -0.0002308 0.7493626
2.3934707 0.6583575 0.4554622 0.6607248 0.0002121 -0.0002411 0.7506201
2.3929134 0.6631990 0.4554670 0.6592336 0.0002206 -0.0002518 0.7519318
2.3923561 0.6680406 0.4554718 0.6576132 0.0002295 -0.0002632 0.7533363
2.3917988 0.6728821 0.4554767 0.6559928 0.0002384 -0.0002747 0.7547408
2.3912415 0.6777236 0.4554815 0.6543724 0.0002473 -0.0002861 0.7561453
2.3906842 0.6825651 0.4554864 0.6527519 0.0002561 -0.0002976 0.7575498
2.3901270 0.6874067 0.4554912 0.6511315 0.0002650 -0.0003091 0.7589543
2.3895697 0.6922482 0.4554961 0.6496801 0.0002720 -0.0003184 0.7602046
2.3890124 0.6970897 0.4555009 0.6485327 0.0002758 -0.0003238 0.7611773
2.3884551 0.7019312 0.4555057 0.6473853 0.0002795 -0.0003292 0.7621500
2.3878978 0.7067728 0.4555106 0.6462379 0.0002833 -0.0003347 0.7631227
2.3873405 0.7116143 0.4555154 0.6450905 0.0002870 -0.0003401 0.7640954
2.3867833 0.7164558 0.4555203 0.6439431 0.0002908 -0.0003455 0.7650680
2.3862260 0.7212974 0.4555251 0.6427705 0.0002945 -0.0003510 0.7660554
2.3856687 0.7261389 0.4555300 0.6415501 0.0002980 -0.0003564 0.7670707
2.3851114 0.7309804 0.4555348 0.6403297 0.0003015 -0.0003618 0.7680860
2.3845541 0.7358219 0.4555396 0.6391092 0.0003050 -0.0003672 0.7691012
2.3839968 0.7406635 0.4555445 0.6378888 0.0003085 -0.0003726 0.7701165
2.3834396 0.7455050 0.4555493 0.6366684 0.0003120 -0.0003779 0.7711318
2.3827892 0.7501073 0.4555545 0.6353979 0.0003156 -0.0003836 0.7721809
2.3819527 0.7542310 0.4555604 0.6340275 0.0003194 -0.0003896 0.7732977
2.3811162 0.7583548 0.4555662 0.6326571 0.0003231 -0.0003957 0.7744145
2.3802797 0.7624785 0.4555721 0.6312867 0.0003269 -0.0004018 0.7755314
2.3794433 0.7666022 0.4555779 0.6299163 0.0003307 -0.0004078 0.7766482
2.3786068 0.7707260 0.4555838 0.6285459 0.0003344 -0.0004139 0.7777650
2.3777625 0.7748297 0.4555897 0.6271184 0.0003383 -0.0004202 0.7789191
2.3769017 0.7788910 0.4555956 0.6255705 0.0003423 -0.0004271 0.7801519
2.3760410 0.7829523 0.4556016 0.6240225 0.0003464 -0.0004339 0.7813847
2.3751802 0.7870137 0.4556075 0.6224746 0.0003504 -0.0004408 0.7826175
2.3743194 0.7910750 0.4556135 0.6209266 0.0003545 -0.0004477 0.7838502
2.3734587 0.7951363 0.4556194 0.6193787 0.0003585 -0.0004545 0.7850830
2.3725979 0.7991976 0.4556253 0.6176226 0.0003633 -0.0004628 0.7864656
2.3717371 0.8032590 0.4556313 0.6154022 0.0003700 -0.0004742 0.7881823
2.3708764 0.8073203 0.4556372 0.6131818 0.0003766 -0.0004856 0.7898989
2.3700156 0.8113816 0.4556432 0.6109614 0.0003832 -0.0004970 0.7916156
2.3691548 0.8154430 0.4556491 0.6087410 0.0003898 -0.0005084 0.7933323
2.3682941 0.8195043 0.4556551 0.6065206 0.0003964 -0.0005199 0.7950490
2.3674333 0.8235656 0.4556610 0.6042057 0.0004031 -0.0005318 0.7968174
2.3665726 0.8276270 0.4556670 0.6016674 0.0004102 -0.0005450 0.7987080
2.3657118 0.8316883 0.4556729 0.5991292 0.0004172 -0.0005581 0.8005986
2.3648510 0.8357496 0.4556788 0.5965910 0.0004242 -0.0005713 0.8024892
2.3639903 0.8398109 0.4556848 0.5940528 0.0004312 -0.0005844 0.8043798
2.3631295 0.8438723 0.4556907 0.5915146 0.0004382 -0.0005976 0.8062704
2.3622687 0.8479336 0.4556967 0.5889530 0.0004443 -0.0006098 0.8081564
2.3614080 0.8519949 0.4557026 0.5863329 0.0004481 -0.0006194 0.8100309
2.3605472 0.8560563 0.4557086 0.5837127 0.0004519 -0.0006291 0.8119054
2.3596864 0.8601176 0.4557145 0.5810926 0.0004558 -0.0006388 0.8137799
2.3588257 0.8641789 0.4557205 0.5784725 0.0004596 -0.0006485 0.8156544
2.3579649 0.8682403 0.4557264 0.5758524 0.0004634 -0.0006581 0.8175289
2.3571042 0.8723016 0.4557323 0.5731559 0.0004671 -0.0006680 0.8194341
2.3562434 0.8763629 0.4557383 0.5702566 0.0004705 -0.0006781 0.8214208
2.3553826 0.8804242 0.4557442 0.5673574 0.0004739 -0.0006883 0.8234075
2.3545219 0.8844856 0.4557502 0.5644581 0.0004773 -0.0006985 0.8253942
2.3536611 0.8885469 0.4557561 0.5615589 0.0004807 -0.0007087 0.8273809
2.3528003 0.8926082 0.4557621 0.5586596 0.0004841 -0.0007189 0.8293676
2.3518523 0.8958800 0.4557673 0.5556722 0.0004874 -0.0007293 0.8313875
2.3506586 0.8969268 0.4557704 0.5524363 0.0004905 -0.0007405 0.8335009
2.3494648 0.8979735 0.4557735 0.5492004 0.0004936 -0.0007517 0.8356144
2.3482710 0.8990203 0.4557766 0.5459645 0.0004967 -0.0007628 0.8377278
2.3470772 0.9000670 0.4557797 0.5427287 0.0004998 -0.0007740 0.8398413
2.3458834 0.9011138 0.4557828 0.5394928 0.0005029 -0.0007852 0.8419547
2.3446824 0.9020950 0.4557859 0.5361622 0.0005059 -0.0007966 0.8440990
2.3434597 0.9028796 0.4557887 0.5325475 0.0005085 -0.0008088 0.8463360
2.3422369 0.9036642 0.4557916 0.5289328 0.0005112 -0.0008209 0.8485731
2.3410142 0.9044488 0.4557944 0.5253181 0.0005139 -0.0008331 0.8508101
2.3397914 0.9052334 0.4557973 0.5217034 0.0005165 -0.0008453 0.8530471
2.3385687 0.9060180 0.4558002 0.5180887 0.0005192 -0.0008575 0.8552841
2.3373459 0.9068026 0.4558030 0.5141561 0.0005206 -0.0008686 0.8576699
2.3361232 0.9075873 0.4558059 0.5092062 0.0005183 -0.0008762 0.8605317
2.3349004 0.9083719 0.4558087 0.5042563 0.0005159 -0.0008839 0.8633936
2.3336777 0.9091565 0.4558116 0.4993064 0.0005136 -0.0008915 0.8662554
2.3324550 0.9099411 0.4558145 0.4943565 0.0005112 -0.0008992 0.8691173
2.3312322 0.9107257 0.4558173 0.4894066 0.0005088 -0.0009068 0.8719791
2.3300095 0.9115103 0.4558202 0.4842899 0.0005061 -0.0009144 0.8748760
2.3287867 0.9122949 0.4558231 0.4786028 0.0005022 -0.0009214 0.8778924
2.3275640 0.9130795 0.4558259 0.4729156 0.0004982 -0.0009285 0.8809089
2.3263412 0.9138641 0.4558288 0.4672285 0.0004943 -0.0009356 0.8839253
2.3251185 0.9146488 0.4558316 0.4615413 0.0004903 -0.0009427 0.8869418
2.3238957 0.9154334 0.4558345 0.4558542 0.0004864 -0.0009498 0.8899582
2.3226730 0.9162180 0.4558374 0.4502555 0.0004821 -0.0009560 0.8928752
2.3214503 0.9170026 0.4558402 0.4449813 0.0004766 -0.0009591 0.8954276
2.3202275 0.9177872 0.4558431 0.4397070 0.0004711 -0.0009622 0.8979799
2.3190048 0.9185718 0.4558460 0.4344327 0.0004656 -0.0009652 0.9005323
2.3177820 0.9193564 0.4558488 0.4291584 0.0004601 -0.0009683 0.9030846
2.3165593 0.9201410 0.4558517 0.4238841 0.0004546 -0.0009714 0.9056370
2.3153365 0.9209256 0.4558545 0.4185309 0.0004490 -0.0009742 0.9081771
2.3141138 0.9217103 0.4558574 0.4128662 0.0004426 -0.0009761 0.9106694
2.3128911 0.9224949 0.4558603 0.4072016 0.0004361 -0.0009780 0.9131617
2.3116683 0.9232795 0.4558631 0.4015370 0.0004297 -0.0009798 0.9156540
2.3104456 0.9240641 0.4558660 0.3958723 0.0004233 -0.0009817 0.9181463
2.3092228 0.9248487 0.4558688 0.3902077 0.0004169 -0.0009836 0.9206386
2.3078830 0.9257230 0.4558725 0.3844546 0.0004103 -0.0009852 0.9231172
2.3060458 0.9269783 0.4558796 0.3783252 0.0004031 -0.0009860 0.9255375
2.3042085 0.9282337 0.4558868 0.3721959 0.0003959 -0.0009867 0.9279577
2.3023713 0.9294891 0.4558939 0.3660666 0.0003886 -0.0009874 0.9303780
2.3005340 0.9307444 0.4559010 0.3599373 0.0003814 -0.0009881 0.9327983
2.2986967 0.9319998 0.4559081 0.3538079 0.0003741 -0.0009888 0.9352185
2.2968499 0.9332624 0.4559153 0.3476027 0.0003668 -0.0009893 0.9376146
2.2949592 0.9345587 0.4559228 0.3410483 0.0003588 -0.0009885 0.9398992
2.2930686 0.9358550 0.4559303 0.3344939 0.0003509 -0.0009878 0.9421838
2.2911779 0.9371513 0.4559377 0.3279395 0.0003430 -0.0009871 0.9444685
2.2892872 0.9384476 0.4559452 0.3213851 0.0003350 -0.0009864 0.9467531
2.2873965 0.9397439 0.4559527 0.3148307 0.0003271 -0.0009856 0.9490377
2.2855058 0.9410402 0.4559602 0.3082546 0.0003190 -0.0009841 0.9512784
2.2836151 0.9423365 0.4559677 0.3015699 0.0003099 -0.0009786 0.9532989
2.2817244 0.9436328 0.4559752 0.2948851 0.0003008 -0.0009730 0.9553195
2.2798337 0.9449291 0.4559826 0.2882004 0.0002918 -0.0009675 0.9573401
2.2779430 0.9462254 0.4559901 0.2815156 0.0002827 -0.0009620 0.9593607
2.2760523 0.9475217 0.4559976 0.2748309 0.0002737 -0.0009564 0.9613813
2.2741616 0.9488180 0.4560051 0.2681211 0.0002646 -0.0009506 0.9633612
2.2722709 0.9501143 0.4560126 0.2612745 0.0002557 -0.0009431 0.9651189
2.2703802 0.9514106 0.4560201 0.2544279 0.0002468 -0.0009356 0.9668765
2.2684895 0.9527069 0.4560276 0.2475813 0.0002378 -0.0009280 0.9686342
2.2665989 0.9540032 0.4560350 0.2407347 0.0002289 -0.0009205 0.9703919
2.2647082 0.9552994 0.4560425 0.2338881 0.0002200 -0.0009130 0.9721495
2.2628175 0.9565957 0.4560500 0.2278306 0.0002119 -0.0009055 0.9736995
2.2609268 0.9578920 0.4560575 0.2265080 0.0002089 -0.0008978 0.9740036
2.2590361 0.9591883 0.4560650 0.2251853 0.0002058 -0.0008902 0.9743077
2.2571454 0.9604846 0.4560725 0.2238627 0.0002028 -0.0008826 0.9746117
2.2552547 0.9617809 0.4560800 0.2225401 0.0001998 -0.0008749 0.9749158
2.2533640 0.9630772 0.4560874 0.2212175 0.0001968 -0.0008673 0.9752199
2.2514733 0.9643735 0.4560949 0.2199637 0.0001939 -0.0008597 0.9755074
2.2495826 0.9656698 0.4561024 0.2191671 0.0001915 -0.0008525 0.9756851
2.2476919 0.9669661 0.4561099 0.2183704 0.0001892 -0.0008452 0.9758627
2.2458012 0.9682624 0.4561174 0.2175738 0.0001869 -0.0008380 0.9760404
2.2439105 0.9695587 0.4561249 0.2167772 0.0001845 -0.0008308 0.9762181
2.2420198 0.9708550 0.4561324 0.2159806 0.0001822 -0.0008235 0.9763958
2.2400833 0.9720817 0.4561393 0.2151886 0.0001799 -0.0008164 0.9765719
2.2378073 0.9727933 0.4561419 0.2144316 0.0001777 -0.0008095 0.9767370
2.2355313 0.9735050 0.4561445 0.2136745 0.0001756 -0.0008026 0.9769020
2.2332554 0.9742166 0.4561471 0.2129174 0.0001734 -0.0007957 0.9770671
2.2309794 0.9749283 0.4561498 0.2121603 0.0001713 -0.0007888 0.9772322
2.2287034 0.9756400 0.4561524 0.2114032 0.0001691 -0.0007819 0.9773972
2.2264238 0.9763462 0.4561550 0.2106500 0.0001670 -0.0007750 0.9775610
2.2241144 0.9770070 0.4561572 0.2099298 0.0001650 -0.0007684 0.9777146
2.2218049 0.9776678 0.4561594 0.2092095 0.0001630 -0.0007619 0.9778683
2.2194954 0.9783286 0.4561616 0.2084892 0.0001611 -0.0007553 0.9780219
2.2171859 0.9789895 0.4561638 0.2077689 0.0001591 -0.0007487 0.9781755
2.2148765 0.9796503 0.4561660 0.2070486 0.0001571 -0.0007421 0.9783291
2.2125670 0.9803111 0.4561682 0.2062933 0.0001552 -0.0007360 0.9784896
2.2102575 0.9809719 0.4561704 0.2052049 0.0001540 -0.0007344 0.9787153
2.2079480 0.9816327 0.4561726 0.2041166 0.0001528 -0.0007328 0.9789411
2.2056386 0.9822936 0.4561748 0.2030282 0.0001516 -0.0007312 0.9791669
2.2033291 0.9829544 0.4561770 0.2019399 0.0001505 -0.0007296 0.9793927
2.2010196 0.9836152 0.4561792 0.2008515 0.0001493 -0.0007280 0.9796185
2.1987101 0.9842760 0.4561814 0.1997658 0.0001481 -0.0007264 0.9798431
2.1964007 0.9849368 0.4561836 0.1987090 0.0001470 -0.0007252 0.9800551
2.1940912 0.9855977 0.4561858 0.1976522 0.0001460 -0.0007239 0.9802671
2.1917817 0.9862585 0.4561880 0.1965955 0.0001449 -0.0007227 0.9804791
2.1894722 0.9869193 0.4561902 0.1955387 0.0001439 -0.0007214 0.9806910
2.1871627 0.9875801 0.4561924 0.1944819 0.0001428 -0.0007201 0.9809030
2.1848533 0.9882409 0.4561946 0.1934039 0.0001416 -0.0007185 0.9811185
2.1825438 0.9889018 0.4561968 0.1920503 0.0001394 -0.0007121 0.9813797
2.1802343 0.9895626 0.4561990 0.1906967 0.0001372 -0.0007056 0.9816408
2.1779248 0.9902234 0.4562012 0.1893430 0.0001349 -0.0006992 0.9819020
2.1756154 0.9908842 0.4562034 0.1879894 0.0001327 -0.0006927 0.9821632
2.1733059 0.9915450 0.4562056 0.1866358 0.0001304 -0.0006863 0.9824243
2.1709964 0.9922059 0.4562078 0.1852819 0.0001282 -0.0006798 0.9826848
2.1686869 0.9928667 0.4562100 0.1839250 0.0001260 -0.0006730 0.9829350
2.1663775 0.9935275 0.4562122 0.1825680 0.0001238 -0.0006662 0.9831851
2.1640680 0.9941883 0.4562144 0.1812111 0.0001216 -0.0006594 0.9834353
2.1617585 0.9948491 0.4562166 0.1798541 0.0001194 -0.0006525 0.9836854
2.1594490 0.9955100 0.4562188 0.1784972 0.0001172 -0.0006457 0.9839355
2.1571343 0.9961805 0.4562209 0.1771415 0.0001150 -0.0006389 0.9841849
2.1547135 0.9970458 0.4562219 0.1758107 0.0001129 -0.0006322 0.9844190
2.1522928 0.9979111 0.4562229 0.1744800 0.0001109 -0.0006254 0.9846530
2.1498721 0.9987764 0.4562239 0.1731492 0.0001089 -0.0006187 0.9848870
2.1474514 0.9996416 0.4562249 0.1718185 0.0001068 -0.0006120 0.9851211
2.1450307 1.0005069 0.4562259 0.1704878 0.0001048 -0.0006052 0.9853551
2.1426096 1.0013728 0.4562269 0.1691580 0.0001027 -0.0005985 0.9855886
2.1401792 1.0022559 0.4562278 0.1678535 0.0001008 -0.0005918 0.9858072
2.1377488 1.0031389 0.4562286 0.1665490 0.0000989 -0.0005852 0.9860258
2.1353184 1.0040220 0.4562295 0.1652445 0.0000970 -0.0005786 0.9862444
2.1328880 1.0049051 0.4562304 0.1639400 0.0000951 -0.0005719 0.9864631
2.1304576 1.0057881 0.4562313 0.1626355 0.0000932 -0.0005653 0.9866817
2.1280272 1.0066712 0.4562322 0.1612857 0.0000912 -0.0005579 0.9869068
2.1255968 1.0075542 0.4562331 0.1580807 0.0000841 -0.0005215 0.9873989
2.1231664 1.0084373 0.4562339 0.1548757 0.0000770 -0.0004850 0.9878909
2.1207361 1.0093203 0.4562348 0.1516707 0.0000699 -0.0004485 0.9883829
2.1183057 1.0102034 0.4562357 0.1484656 0.0000628 -0.0004120 0.9888749
2.1158753 1.0110864 0.4562366 0.1452606 0.0000557 -0.0003756 0.9893670
2.1134449 1.0119695 0.4562375 0.1420547 0.0000487 -0.0003391 0.9898584
2.1110145 1.0128526 0.4562384 0.1387745 0.0000428 -0.0003009 0.9902960
2.1085841 1.0137356 0.4562392 0.1354943 0.0000370 -0.0002626 0.9907336
2.1061537 1.0146187 0.4562401 0.1322142 0.0000311 -0.0002244 0.9911712
2.1037233 1.0155017 0.4562410 0.1289340 0.0000252 -0.0001862 0.9916088
2.1012929 1.0163848 0.4562419 0.1256539 0.0000194 -0.0001480 0.9920465
2.0988625 1.0172678 0.4562428 0.1223737 0.0000135 -0.0001097 0.9924841
2.0964321 1.0181509 0.4562437 0.1202104 0.0000100 -0.0000801 0.9927365
2.0940017 1.0190340 0.4562445 0.1180471 0.0000065 -0.0000504 0.9929888
2.0915713 1.0199170 0.4562454 0.1158839 0.0000030 -0.0000207 0.9932412
2.0891410 1.0208001 0.4562463 0.1137206 -0.0000005 0.0000089 0.9934936
2.0867106 1.0216831 0.4562472 0.1115573 -0.0000040 0.0000386 0.9937459
2.0842802 1.0225662 0.4562481 0.1093940 -0.0000075 0.0000682 0.9939983
2.0818498 1.0234492 0.4562490 0.1073689 -0.0000101 0.0000966 0.9942089
2.0794194 1.0243323 0.4562498 0.1053455 -0.0000128 0.0001249 0.9944190
2.0769890 1.0252154 0.4562507 0.1033220 -0.0000154 0.0001533 0.9946291
2.0745586 1.0260984 0.4562516 0.1012986 -0.0000180 0.0001816 0.9948393
2.0721282 1.0269815 0.4562525 0.0992752 -0.0000206 0.0002099 0.9950494
2.0696978 1.0278645 0.4562534 0.0972517 -0.0000233 0.0002383 0.9952595
2.0670525 1.0285917 0.4562571 0.0952773 -0.0000252 0.0002659 0.9954410
2.0644019 1.0293151 0.4562608 0.0933041 -0.0000271 0.0002935 0.9956219
2.0617514 1.0300385 0.4562646 0.0913309 -0.0000290 0.0003212 0.9958027
2.0591008 1.0307619 0.4562684 0.0893577 -0.0000308 0.0003488 0.9959836
2.0564503 1.0314853 0.4562721 0.0873845 -0.0000327 0.0003764 0.9961644
2.0537997 1.0322087 0.4562759 0.0854114 -0.0000346 0.0004041 0.9963453
2.0511356 1.0329223 0.4562799 0.0834872 -0.0000359 0.0004310 0.9964997
2.0484710 1.0336355 0.4562838 0.0815648 -0.0000371 0.0004579 0.9966531
2.0458064 1.0343487 0.4562878 0.0796425 -0.0000383 0.0004848 0.9968065
2.0431418 1.0350619 0.4562917 0.0777201 -0.0000395 0.0005117 0.9969599
2.0404771 1.0357751 0.4562956 0.0757977 -0.0000407 0.0005386 0.9971134
2.0378125 1.0364884 0.4562996 0.0738754 -0.0000419 0.0005655 0.9972668
2.0351479 1.0372016 0.4563035 0.0712093 -0.0000421 0.0005952 0.9974435
2.0324833 1.0379148 0.4563075 0.0685060 -0.0000423 0.0006251 0.9976214
2.0298187 1.0386280 0.4563114 0.0658027 -0.0000425 0.0006550 0.9977992
2.0271541 1.0393412 0.4563154 0.0630994 -0.0000426 0.0006848 0.9979771
2.0244895 1.0400544 0.4563193 0.0603961 -0.0000428 0.0007147 0.9981549
2.0218249 1.0407676 0.4563233 0.0576928 -0.0000430 0.0007446 0.9983328
2.0191603 1.0414808 0.4563272 0.0550269 -0.0000423 0.0007735 0.9984676
2.0164956 1.0421940 0.4563312 0.0523632 -0.0000415 0.0008023 0.9985996
2.0138310 1.0429072 0.4563351 0.0496996 -0.0000407 0.0008311 0.9987317
2.0111664 1.0436204 0.4563391 0.0470360 -0.0000399 0.0008600 0.9988638
2.0085018 1.0443337 0.4563430 0.0443723 -0.0000391 0.0008888 0.9989958
2.0058372 1.0450469 0.4563470 0.0417087 -0.0000383 0.0009176 0.9991279
2.0031726 1.0457601 0.4563509 0.0388901 -0.0000364 0.0009439 0.9992241
2.0005080 1.0464733 0.4563549 0.0360596 -0.0000344 0.0009700 0.9993176
1.9978434 1.0471865 0.4563588 0.0332290 -0.0000325 0.0009961 0.9994110
1.9951787 1.0478997 0.4563628 0.0303985 -0.0000305 0.0010222 0.9995045
1.9925141 1.0486129 0.4563667 0.0275679 -0.0000285 0.0010483 0.9995980
1.9898495 1.0493261 0.4563707 0.0247374 -0.0000266 0.0010744 0.9996914
1.9871849 1.0500393 0.4563746 0.0219882 -0.0000239 0.0010993 0.9997401
1.9845203 1.0507525 0.4563786 0.0192465 -0.0000211 0.0011240 0.9997846
1.9818557 1.0514658 0.4563825 0.0165047 -0.0000184 0.0011487 0.9998292
1.9791911 1.0521790 0.4563865 0.0137630 -0.0000156 0.0011734 0.9998737
1.9765265 1.0528922 0.4563904 0.0110213 -0.0000128 0.0011981 0.9999183
1.9738619 1.0536054 0.4563944 0.0082795 -0.0000101 0.0012229 0.9999629
1.9707054 1.0533288 0.4563815 0.0079834 -0.0000099 0.0008352 0.6989867
1.9674973 1.0529480 0.4563668 0.0079448 -0.0000101 0.0004042 0.3663241
1.9642891 1.0525672 0.4563521 0.0079061 -0.0000102 -0.0000268 0.0336615
1.9610809 1.0521864 0.4563375 0.0078675 -0.0000104 -0.0004579 -0.2990011
1.9578727 1.0518056 0.4563228 0.0078288 -0.0000105 -0.0008889 -0.6316637
1.9546645 1.0514248 0.4563081 0.0077902 -0.0000106 -0.0013200 -0.9643263
1.9514142 1.0509591 0.4562920 0.0100336 -0.0000142 -0.0013859 -0.9999342
1.9481587 1.0504831 0.4562757 0.0125508 -0.0000181 -0.0014081 -0.9998955
1.9449033 1.0500072 0.4562594 0.0150680 -0.0000221 -0.0014303 -0.9998568
1.9416478 1.0495313 0.4562431 0.0175853 -0.0000260 -0.0014525 -0.9998182
1.9383924 1.0490554 0.4562268 0.0201025 -0.0000300 -0.0014747 -0.9997795
1.9351369 1.0485794 0.4562106 0.0226198 -0.0000339 -0.0014968 -0.9997408
1.9318815 1.0481035 0.4561943 0.0225372 -0.0000338 -0.0014983 -0.9997445
1.9286260 1.0476276 0.4561780 0.0221033 -0.0000331 -0.0014970 -0.9997538
1.9253706 1.0471517 0.4561617 0.0216694 -0.0000324 -0.0014957 -0.9997632
1.9221152 1.0466757 0.4561454 0.0212355 -0.0000317 -0.0014944 -0.9997726
1.9188597 1.0461998 0.4561291 0.0208016 -0.0000311 -0.0014932 -0.9997820
1.9156043 1.0457239 0.4561128 0.0203677 -0.0000304 -0.0014919 -0.9997914
1.9123488 1.0452479 0.4560965 0.0197250 -0.0000294 -0.0014889 -0.9998033
1.9090934 1.0447720 0.4560802 0.0190507 -0.0000283 -0.0014856 -0.9998157
1.9058379 1.0442961 0.4560639 0.0183765 -0.0000273 -0.0014824 -0.9998280
1.9025825 1.0438202 0.4560476 0.0177022 -0.0000262 -0.0014791 -0.9998403
1.8993270 1.0433442 0.4560314 0.0170280 -0.0000251 -0.0014759 -0.9998527
1.8960716 1.0428683 0.4560151 0.0163538 -0.0000241 -0.0014726 -0.9998650
1.8928161 1.0423924 0.4559988 0.0155181 -0.0000229 -0.0014734 -0.9998769
1.8895607 1.0419165 0.4559825 0.0146555 -0.0000216 -0.0014747 -0.9998886
1.8863053 1.0414405 0.4559662 0.0137928 -0.0000204 -0.0014761 -0.9999004
1.8830498 1.0409646 0.4559499 0.0129302 -0.0000191 -0.0014775 -0.9999122
1.8797944 1.0404887 0.4559336 0.0120676 -0.0000178 -0.0014788 -0.9999240
1.8765389 1.0400128 0.4559173 0.0112050 -0.0000166 -0.0014802 -0.9999358
1.8732835 1.0395368 0.4559010 0.0103388 -0.0000153 -0.0014818 -0.9999438
1.8700280 1.0390609 0.4558847 0.0094720 -0.0000140 -0.0014834 -0.9999512
1.8667726 1.0385850 0.4558684 0.0086051 -0.0000128 -0.0014850 -0.9999585
1.8635171 1.0381091 0.4558521 0.0077383 -0.0000115 -0.0014866 -0.9999658
1.8602617 1.0376331 0.4558359 0.0068715 -0.0000102 -0.0014883 -0.9999732
1.8570062 1.0371572 0.4558196 0.0060046 -0.0000089 -0.0014899 -0.9999805
1.8533879 1.0362521 0.4558007 0.0051449 -0.0000077 -0.0014914 -0.9999841
1.8496970 1.0352612 0.4557814 0.0042866 -0.0000064 -0.0014930 -0.9999869
1.8460061 1.0342703 0.4557621 0.0034283 -0.0000051 -0.0014946 -0.9999897
1.8423152 1.0332794 0.4557428 0.0025700 -0.0000038 -0.0014961 -0.9999925
1.8386243 1.0322884 0.4557234 0.0017117 -0.0000026 -0.0014977 -0.9999953
1.8349334 1.0312975 0.4557041 0.0008534 -0.0000013 -0.0014993 -0.9999981
1.8312114 1.0302698 0.4556845 0.0012068 -0.0000018 -0.0010885 -0.7267330
1.8274826 1.0292341 0.4556650 0.0018235 -0.0000027 -0.0005881 -0.3940617
1.8237539 1.0281984 0.4556454 0.0024403 -0.0000037 -0.0000878 -0.0613905
1.8200251 1.0271627 0.4556258 0.0030571 -0.0000046 0.0004126 0.2712807
1.8162963 1.0261270 0.4556062 0.0036738 -0.0000055 0.0009130 0.6039520
1.8125675 1.0250913 0.4555866 0.0042906 -0.0000065 0.0014134 0.9366232
1.8088388 1.0240556 0.4555670 0.0040756 -0.0000062 0.0015213 0.9999902
1.8051100 1.0230199 0.4555474 0.0036649 -0.0000056 0.0015368 0.9999915
1.8013812 1.0219842 0.4555278 0.0032542 -0.0000050 0.0015524 0.9999927
1.7976525 1.0209485 0.4555082 0.0028435 -0.0000044 0.0015680 0.9999940
1.7939237 1.0199128 0.4554886 0.0024328 -0.0000038 0.0015835 0.9999953
1.7901949 1.0188771 0.4554690 0.0020221 -0.0000032 0.0015991 0.9999966
1.7864662 1.0178414 0.4554494 0.0018119 -0.0000029 0.0011641 0.7346510
1.7827374 1.0168057 0.4554298 0.0016525 -0.0000027 0.0006148 0.4019786
1.7790086 1.0157700 0.4554102 0.0014931 -0.0000024 0.0000655 0.0693061
1.7752799 1.0147343 0.4553906 0.0013337 -0.0000022 -0.0004838 -0.2633663
1.7715511 1.0136986 0.4553710 0.0011743 -0.0000020 -0.0010330 -0.5960387
1.7678223 1.0126629 0.4553515 0.0010149 -0.0000017 -0.0015823 -0.9287111
1.7640935 1.0116272 0.4553319 0.0014309 -0.0000024 -0.0012596 -0.7386136
1.7603648 1.0105915 0.4553123 0.0020038 -0.0000034 -0.0006991 -0.4059426
1.7566360 1.0095558 0.4552927 0.0025767 -0.0000043 -0.0001385 -0.0732715
1.7529072 1.0085201 0.4552731 0.0031495 -0.0000053 0.0004220 0.2593996
1.7491785 1.0074844 0.4552535 0.0037224 -0.0000062 0.0009825 0.5920707
1.7454497 1.0064487 0.4552339 0.0042953 -0.0000072 0.0015431 0.9247418
1.7417209 1.0054130 0.4552143 0.0052187 -0.0000087 0.0016645 0.9999829
1.7379922 1.0043773 0.4551947 0.0062447 -0.0000103 0.0016575 0.9999752
1.7342634 1.0033416 0.4551751 0.0072707 -0.0000119 0.0016506 0.9999675
1.7305346 1.0023059 0.4551555 0.0082966 -0.0000136 0.0016436 0.9999598
1.7268059 1.0012702 0.4551359 0.0093226 -0.0000152 0.0016366 0.9999521
1.7230771 1.0002345 0.4551163 0.0103486 -0.0000169 0.0016297 0.9999444
1.7198643 1.0008911 0.4551117 0.0113796 -0.0000184 0.0016227 0.9999318
1.7168128 1.0020764 0.4551118 0.0124122 -0.0000200 0.0016156 0.9999177
1.7137613 1.0032618 0.4551118 0.0134448 -0.0000216 0.0016085 0.9999035
1.7107098 1.0044472 0.4551119 0.0144774 -0.0000231 0.0016015 0.9998894
1.7076583 1.0056326 0.4551119 0.0155100 -0.0000247 0.0015944 0.9998753
1.7046068 1.0068179 0.4551120 0.0165426 -0.0000263 0.0015874 0.9998611
1.7015995 1.0081482 0.4551133 0.0175800 -0.0000278 0.0015803 0.9998421
1.6986069 1.0095267 0.4551151 0.0186189 -0.0000292 0.0015731 0.9998214
1.6956143 1.0109052 0.4551169 0.0196579 -0.0000307 0.0015660 0.9998007
1.6926217 1.0122837 0.4551186 0.0206968 -0.0000322 0.0015588 0.9997800
1.6896291 1.0136622 0.4551204 0.0217358 -0.0000337 0.0015517 0.9997593
1.6866365 1.0150407 0.4551222 0.0227747 -0.0000352 0.0015445 0.9997386
1.6836439 1.0164192 0.4551239 0.0236791 -0.0000362 0.0015296 0.9997170
1.6806513 1.0177978 0.4551257 0.0245357 -0.0000370 0.0015119 0.9996951
1.6776587 1.0191763 0.4551275 0.0253923 -0.0000378 0.0014942 0.9996732
1.6746660 1.0205548 0.4551292 0.0262490 -0.0000386 0.0014765 0.9996512
1.6716734 1.0219333 0.4551310 0.0271056 -0.0000395 0.0014589 0.9996293
1.6686808 1.0233118 0.4551328 0.0279622 -0.0000403 0.0014412 0.9996074
1.6656882 1.0246903 0.4551345 0.0288225 -0.0000410 0.0014225 0.9995821
1.6626956 1.0260688 0.4551363 0.0296843 -0.0000416 0.0014034 0.9995556
1.6597030 1.0274474 0.4551381 0.0305461 -0.0000422 0.0013843 0.9995291
1.6567104 1.0288259 0.4551398 0.0314078 -0.0000428 0.0013652 0.9995026
1.6537178 1.0302044 0.4551416 0.0322696 -0.0000434 0.0013461 0.9994760
1.6507252 1.0315829 0.4551434 0.0331313 -0.0000440 0.0013270 0.9994495
1.6477326 1.0329614 0.4551452 0.0345313 -0.0000450 0.0013055 0.9993978
1.6447400 1.0343399 0.4551469 0.0361466 -0.0000461 0.0012830 0.9993360
1.6417474 1.0357184 0.4551487 0.0377619 -0.0000473 0.0012606 0.9992743
1.6387548 1.0370969 0.4551505 0.0393771 -0.0000485 0.0012381 0.9992125
1.6357622 1.0384755 0.4551522 0.0409924 -0.0000497 0.0012157 0.9991507
1.6327696 1.0398540 0.4551540 0.0426077 -0.0000508 0.0011932 0.9990889
1.6297770 1.0412325 0.4551558 0.0443139 -0.0000517 0.0011699 0.9990113
1.6267843 1.0426110 0.4551575 0.0460587 -0.0000525 0.0011462 0.9989269
1.6237917 1.0439895 0.4551593 0.0478035 -0.0000534 0.0011225 0.9988425
1.6207991 1.0453680 0.4551611 0.0495482 -0.0000542 0.0010988 0.9987581
1.6178065 1.0467465 0.4551628 0.0512930 -0.0000550 0.0010751 0.9986737
1.6148139 1.0481250 0.4551646 0.0530378 -0.0000558 0.0010514 0.9985893
1.6118003 1.0488229 0.4551587 0.0548309 -0.0000562 0.0010270 0.9984890
1.6087773 1.0492157 0.4551493 0.0566457 -0.0000565 0.0010022 0.9983817
1.6057543 1.0496085 0.4551399 0.0584605 -0.0000568 0.0009775 0.9982744
1.6027313 1.0500013 0.4551305 0.0602753 -0.0000571 0.0009528 0.9981671
1.5997083 1.0503941 0.4551211 0.0620901 -0.0000575 0.0009280 0.9980598
1.5966853 1.0507869 0.4551117 0.0639049 -0.0000578 0.0009033 0.9979526
1.5936610 1.0511370 0.4551019 0.0657688 -0.0000577 0.0008778 0.9978280
1.5906361 1.0514669 0.4550918 0.0676559 -0.0000574 0.0008520 0.9976953
1.5876111 1.0517968 0.4550817 0.0695429 -0.0000572 0.0008262 0.9975626
1.5845862 1.0521266 0.4550716 0.0714300 -0.0000569 0.0008004 0.9974299
1.5815613 1.0524565 0.4550615 0.0733171 -0.0000566 0.0007746 0.9972972
1.5785363 1.0527864 0.4550514 0.0752041 -0.0000564 0.0007488 0.9971645
1.5755114 1.0531163 0.4550413 0.0757625 -0.0000565 0.0007433 0.9971256
1.5724865 1.0534462 0.4550312 0.0756564 -0.0000567 0.0007479 0.9971336
1.5694615 1.0537760 0.4550211 0.0755504 -0.0000570 0.0007524 0.9971416
1.5664366 1.0541059 0.4550110 0.0754444 -0.0000573 0.0007570 0.9971497
1.5634116 1.0544358 0.4550010 0.0753384 -0.0000575 0.0007616 0.9971577
1.5603867 1.0547657 0.4549909 0.0752324 -0.0000578 0.0007661 0.9971657
1.5573618 1.0550955 0.4549808 0.0750379 -0.0000581 0.0007721 0.9971803
1.5543368 1.0554254 0.4549707 0.0747968 -0.0000584 0.0007788 0.9971983
1.5513119 1.0557553 0.4549606 0.0745558 -0.0000587 0.0007855 0.9972163
1.5482870 1.0560852 0.4549505 0.0743147 -0.0000590 0.0007922 0.9972343
1.5452620 1.0564150 0.4549404 0.0740736 -0.0000593 0.0007989 0.9972523
1.5422371 1.0567449 0.4549303 0.0738325 -0.0000596 0.0008056 0.9972703
1.5392121 1.0570748 0.4549202 0.0714377 -0.0000590 0.0008303 0.9974223
1.5361872 1.0574047 0.4549101 0.0678463 -0.0000579 0.0008650 0.9976488
1.5331623 1.0577345 0.4549000 0.0642549 -0.0000568 0.0008997 0.9978753
1.5301373 1.0580644 0.4548899 0.0606634 -0.0000557 0.0009344 0.9981019
1.5271124 1.0583943 0.4548798 0.0570720 -0.0000546 0.0009690 0.9983284
1.5240874 1.0587242 0.4548697 0.0534806 -0.0000535 0.0010037 0.9985549
1.5210625 1.0590541 0.4548596 0.0496884 -0.0000512 0.0010399 0.9987382
1.5180376 1.0593839 0.4548495 0.0457786 -0.0000483 0.0010768 0.9988963
1.5150126 1.0597138 0.4548395 0.0418689 -0.0000454 0.0011138 0.9990543
1.5119877 1.0600437 0.4548294 0.0379592 -0.0000425 0.0011508 0.9992124
1.5089628 1.0603736 0.4548193 0.0340495 -0.0000395 0.0011877 0.9993705
1.5059378 1.0607034 0.4548092 0.0301397 -0.0000366 0.0012247 0.9995285
1.5032813 1.0609213 0.4548052 0.0262241 -0.0000326 0.0012614 0.9996296
1.5008515 1.0610704 0.4548050 0.0223047 -0.0000279 0.0012979 0.9996957
1.4984217 1.0612194 0.4548048 0.0183854 -0.0000233 0.0013344 0.9997618
1.4959919 1.0613684 0.4548046 0.0144661 -0.0000186 0.0013709 0.9998279
1.4935621 1.0615174 0.4548044 0.0105467 -0.0000139 0.0014075 0.9998940
1.4911323 1.0616664 0.4548042 0.0066274 -0.0000093 0.0014440 0.9999600
1.4887339 1.0618059 0.4548045 0.0064336 -0.0000098 0.0011421 0.7980245
1.4863558 1.0619392 0.4548052 0.0086505 -0.0000137 0.0006212 0.4653820
1.4839778 1.0620725 0.4548059 0.0108674 -0.0000176 0.0001003 0.1327395
1.4815997 1.0622057 0.4548065 0.0130842 -0.0000215 -0.0004206 -0.1999030
1.4792217 1.0623390 0.4548072 0.0153011 -0.0000254 -0.0009415 -0.5325455
1.4768436 1.0624723 0.4548079 0.0175180 -0.0000292 -0.0014624 -0.8651880
1.4744656 1.0626056 0.4548085 0.0209330 -0.0000357 -0.0016882 -0.9997506
1.4720875 1.0627389 0.4548092 0.0251626 -0.0000439 -0.0017132 -0.9996188
1.4697095 1.0628722 0.4548098 0.0293923 -0.0000521 -0.0017382 -0.9994870
1.4673314 1.0630055 0.4548105 0.0336220 -0.0000602 -0.0017632 -0.9993552
1.4649533 1.0631388 0.4548112 0.0378517 -0.0000684 -0.0017882 -0.9992234
1.4625753 1.0632720 0.4548118 0.0420813 -0.0000766 -0.0018132 -0.9990916
1.4601972 1.0634053 0.4548125 0.0461154 -0.0000850 -0.0018358 -0.9989103
1.4578192 1.0635386 0.4548132 0.0500098 -0.0000936 -0.0018568 -0.9986936
1.4554411 1.0636719 0.4548138 0.0539042 -0.0001021 -0.0018777 -0.9984769
1.4530631 1.0638052 0.4548145 0.0577986 -0.0001107 -0.0018986 -0.9982601
1.4506850 1.0639385 0.4548151 0.0616929 -0.0001192 -0.0019196 -0.9980434
1.4483070 1.0640718 0.4548158 0.0655873 -0.0001278 -0.0019405 -0.9978267
1.4459289 1.0642051 0.4548165 0.0685769 -0.0001343 -0.0019525 -0.9976355
1.4435509 1.0643383 0.4548171 0.0708878 -0.0001392 -0.0019578 -0.9974636
1.4411728 1.0644716 0.4548178 0.0731987 -0.0001442 -0.0019631 -0.9972916
1.4387948 1.0646049 0.4548185 0.0755097 -0.0001492 -0.0019684 -0.9971196
1.4364167 1.0647382 0.4548191 0.0778206 -0.0001542 -0.0019737 -0.9969477
1.4340386 1.0648715 0.4548198 0.0801316 -0.0001591 -0.0019790 -0.9967757
1.4316606 1.0650048 0.4548204 0.0822911 -0.0001638 -0.0019835 -0.9965999
1.4292825 1.0651381 0.4548211 0.0843315 -0.0001682 -0.0019872 -0.9964211
1.4269045 1.0652714 0.4548218 0.0863719 -0.0001727 -0.0019910 -0.9962424
1.4245264 1.0654046 0.4548224 0.0884123 -0.0001771 -0.0019948 -0.9960636
1.4221484 1.0655379 0.4548231 0.0904527 -0.0001816 -0.0019986 -0.9958848
1.4197703 1.0656712 0.4548238 0.0924931 -0.0001860 -0.0020024 -0.9957060
1.4170229 1.0650667 0.4548121 0.0944417 -0.0001903 -0.0020059 -0.9955230
1.4139705 1.0638526 0.4547904 0.0963144 -0.0001945 -0.0020091 -0.9953366
1.4109180 1.0626385 0.4547686 0.0981871 -0.0001986 -0.0020123 -0.9951502
1.4078655 1.0614244 0.4547469 0.1000599 -0.0002028 -0.0020156 -0.9949638
1.4048131 1.0602104 0.4547251 0.1019326 -0.0002069 -0.0020188 -0.9947774
1.4017606 1.0589963 0.4547034 0.1038053 -0.0002111 -0.0020221 -0.9945910
1.3986851 1.0577362 0.4546809 0.1055979 -0.0002151 -0.0020251 -0.9944024
1.3955896 1.0564361 0.4546577 0.1073209 -0.0002189 -0.0020279 -0.9942120
1.3924940 1.0551360 0.4546345 0.1090439 -0.0002228 -0.0020306 -0.9940215
1.3893985 1.0538359 0.4546113 0.1107669 -0.0002267 -0.0020334 -0.9938311
1.3863030 1.0525359 0.4545882 0.1124899 -0.0002306 -0.0020362 -0.9936406
1.3832075 1.0512358 0.4545650 0.1142129 -0.0002344 -0.0020390 -0.9934502
1.3801120 1.0499357 0.4545418 0.1167029 -0.0002406 -0.0020467 -0.9931498
1.3770165 1.0486356 0.4545186 0.1198902 -0.0002489 -0.0020587 -0.9927494
1.3739209 1.0473356 0.4544954 0.1230775 -0.0002572 -0.0020708 -0.9923491
1.3708254 1.0460355 0.4544722 0.1262649 -0.0002655 -0.0020829 -0.9919487
1.3677299 1.0447354 0.4544491 0.1294522 -0.0002738 -0.0020950 -0.9915484
1.3646344 1.0434353 0.4544259 0.1326395 -0.0002821 -0.0021071 -0.9911480
1.3615389 1.0421353 0.4544027 0.1357404 -0.0002904 -0.0021187 -0.9907289
1.3584434 1.0408352 0.4543795 0.1387588 -0.0002987 -0.0021299 -0.9902919
1.3553478 1.0395351 0.4543563 0.1417773 -0.0003070 -0.0021411 -0.9898549
1.3522523 1.0382350 0.4543332 0.1447958 -0.0003153 -0.0021522 -0.9894179
1.3491568 1.0369350 0.4543100 0.1478142 -0.0003236 -0.0021634 -0.9889809
1.3460613 1.0356349 0.4542868 0.1508327 -0.0003319 -0.0021746 -0.9885439
1.3429658 1.0343348 0.4542636 0.1535218 -0.0003401 -0.0021886 -0.9881348
1.3398703 1.0330348 0.4542404 0.1558816 -0.0003483 -0.0022053 -0.9877537
1.3367748 1.0317347 0.4542172 0.1582413 -0.0003565 -0.0022221 -0.9873725
1.3336792 1.0304346 0.4541941 0.1606011 -0.0003647 -0.0022388 -0.9869913
1.3305837 1.0291345 0.4541709 0.1629609 -0.0003729 -0.0022556 -0.9866102
1.3274882 1.0278345 0.4541477 0.1653206 -0.0003810 -0.0022724 -0.9862290
1.3243927 1.0265344 0.4541245 0.1675395 -0.0003890 -0.0022883 -0.9858566
1.3212972 1.0252343 0.4541013 0.1696108 -0.0003967 -0.0023035 -0.9854933
1.3182017 1.0239342 0.4540782 0.1716820 -0.0004044 -0.0023186 -0.9851299
1.3151061 1.0226342 0.4540550 0.1737532 -0.0004121 -0.0023338 -0.9847666
1.3120106 1.0213341 0.4540318 0.1758245 -0.0004198 -0.0023489 -0.9844033
1.3089151 1.0200340 0.4540086 0.1778957 -0.0004275 -0.0023640 -0.9840400
1.3047642 1.0185260 0.4539847 0.1798622 -0.0004349 -0.0023783 -0.9836841
1.2994523 1.0167891 0.4539600 0.1817135 -0.0004421 -0.0023915 -0.9833364
1.2941404 1.0150523 0.4539353 0.1835648 -0.0004493 -0.0024047 -0.9829888
1.2888286 1.0133155 0.4539106 0.1854161 -0.0004565 -0.0024180 -0.9826411
1.2835167 1.0115787 0.4538859 0.1872674 -0.0004637 -0.0024312 -0.9822934
1.2782048 1.0098419 0.4538612 0.1891186 -0.0004709 -0.0024444 -0.9819458
1.2727786 1.0080825 0.4538364 0.1908824 -0.0004778 -0.0024569 -0.9816060
1.2672205 1.0062972 0.4538115 0.1925452 -0.0004845 -0.0024686 -0.9812751
1.2616624 1.0045118 0.4537866 0.1942079 -0.0004912 -0.0024802 -0.9809443
1.2561042 1.0027265 0.4537617 0.1958707 -0.0004979 -0.0024918 -0.9806135
1.2505461 1.0009411 0.4537369 0.1975334 -0.0005046 -0.0025035 -0.9802827
1.2449880 0.9991558 0.4537120 0.1991962 -0.0005113 -0.0025151 -0.9799519
1.2394298 0.9973704 0.4536871 0.2004665 -0.0005167 -0.0025249 -0.9796963
1.2338717 0.9955851 0.4536622 0.2012617 -0.0005204 -0.0025325 -0.9795319
1.2283136 0.9937997 0.4536374 0.2020570 -0.0005241 -0.0025401 -0.9793674
1.2227554 0.9920144 0.4536125 0.2028522 -0.0005279 -0.0025477 -0.9792029
1.2171973 0.9902291 0.4535876 0.2036474 -0.0005316 -0.0025554 -0.9790385
1.2116392 0.9884437 0.4535627 0.2044427 -0.0005353 -0.0025630 -0.9788740
1.2060810 0.9866584 0.4535378 0.2051961 -0.0005389 -0.0025703 -0.9787167
1.2005229 0.9848730 0.4535130 0.2058965 -0.0005423 -0.0025772 -0.9785685
1.1949648 0.9830877 0.4534881 0.2065968 -0.0005457 -0.0025841 -0.9784203
1.1894066 0.9813023 0.4534632 0.2072972 -0.0005491 -0.0025910 -0.9782721
1.1838485 0.9795170 0.4534383 0.2079976 -0.0005525 -0.0025979 -0.9781239
1.1782904 0.9777316 0.4534135 0.2086980 -0.0005559 -0.0026048 -0.9779757
1.1727322 0.9759463 0.4533886 0.2090857 -0.0005573 -0.0026067 -0.9778937
1.1671741 0.9741609 0.4533637 0.2090567 -0.0005562 -0.0026018 -0.9778999
1.1616160 0.9723756 0.4533388 0.2090276 -0.0005551 -0.0025970 -0.9779061
1.1560578 0.9705902 0.4533140 0.2089986 -0.0005540 -0.0025921 -0.9779123
1.1504997 0.9688049 0.4532891 0.2089695 -0.0005529 -0.0025873 -0.9779186
1.1449416 0.9670195 0.4532642 0.2089405 -0.0005517 -0.0025824 -0.9779248
1.1393834 0.9652342 0.4532393 0.2088938 -0.0005505 -0.0025773 -0.9779348
1.1338253 0.9634489 0.4532144 0.2088223 -0.0005492 -0.0025719 -0.9779500
1.1282672 0.9616635 0.4531896 0.2087509 -0.0005478 -0.0025666 -0.9779653
1.1227090 0.9598782 0.4531647 0.2086795 -0.0005465 -0.0025612 -0.9779806
1.1171509 0.9580928 0.4531398 0.2086081 -0.0005452 -0.0025558 -0.9779958
1.1115928 0.9563075 0.4531149 0.2085366 -0.0005438 -0.0025504 -0.9780111
1.1057431 0.9538158 0.4530843 0.2084663 -0.0005425 -0.0025451 -0.9780261
1.0994647 0.9502853 0.4530451 0.2083975 -0.0005412 -0.0025399 -0.9780408
1.0931863 0.9467548 0.4530059 0.2083287 -0.0005399 -0.0025347 -0.9780554
1.0869079 0.9432243 0.4529667 0.2082599 -0.0005386 -0.0025296 -0.9780701
1.0806295 0.9396938 0.4529275 0.2081911 -0.0005373 -0.0025244 -0.9780847
1.0743511 0.9361633 0.4528883 0.2081223 -0.0005360 -0.0025192 -0.9780994
1.0680413 0.9325566 0.4528485 0.2080545 -0.0005348 -0.0025141 -0.9781139
1.0616828 0.9288322 0.4528077 0.2079882 -0.0005335 -0.0025091 -0.9781280
1.0553244 0.9251078 0.4527669 0.2079219 -0.0005323 -0.0025041 -0.9781421
1.0489660 0.9213834 0.4527262 0.2078556 -0.0005310 -0.0024991 -0.9781562
1.0426075 0.9176590 0.4526854 0.2077893 -0.0005298 -0.0024941 -0.9781703
1.0362491 0.9139346 0.4526446 0.2077230 -0.0005286 -0.0024891 -0.9781844
1.0298907 0.9102101 0.4526038 0.2077204 -0.0005281 -0.0024871 -0.9781849
1.0235323 0.9064857 0.4525630 0.2078215 -0.0005291 -0.0024901 -0.9781634
1.0171738 0.9027613 0.4525223 0.2079226 -0.0005300 -0.0024931 -0.9781419
1.0108154 0.8990369 0.4524815 0.2080237 -0.0005309 -0.0024961 -0.9781204
1.0044570 0.8953125 0.4524407 0.2081248 -0.0005318 -0.0024991 -0.9780989
0.9980985 0.8915881 0.4523999 0.2082260 -0.0005327 -0.0025021 -0.9780774
0.9917401 0.8878637 0.4523591 0.2083353 -0.0005337 -0.0025054 -0.9780541
0.9853817 0.8841393 0.4523184 0.2084588 -0.0005349 -0.0025094 -0.9780277
0.9790233 0.8804149 0.4522776 0.2085822 -0.0005361 -0.0025134 -0.9780014
0.9726648 0.8766905 0.4522368 0.2087057 -0.0005372 -0.0025174 -0.9779750
0.9663064 0.8729661 0.4521960 0.2088291 -0.0005384 -0.0025214 -0.9779487
0.9599480 0.8692417 0.4521552 0.2089526 -0.0005396 -0.0025254 -0.9779223
0.9535895 0.8655173 0.4521145 0.2092119 -0.0005417 -0.0025320 -0.9778666
0.9472311 0.8617929 0.4520737 0.2097157 -0.0005455 -0.0025432 -0.9777581
0.9408727 0.8580685 0.4520329 0.2102195 -0.0005493 -0.0025545 -0.9776495
0.9345142 0.8543441 0.4519921 0.2107233 -0.0005531 -0.0025657 -0.9775410
0.9281558 0.8506197 0.4519513 0.2112271 -0.0005569 -0.0025770 -0.9774325
0.9217974 0.8468953 0.4519106 0.2117309 -0.0005607 -0.0025882 -0.9773239
0.9154390 0.8431709 0.4518698 0.2122640 -0.0005648 -0.0026001 -0.9772084
0.9090805 0.8394465 0.4518290 0.2128526 -0.0005693 -0.0026130 -0.9770795
0.9027221 0.8357220 0.4517882 0.2134412 -0.0005738 -0.0026260 -0.9769506
0.8963637 0.8319976 0.4517474 0.2140298 -0.0005783 -0.0026389 -0.9768217
0.8900052 0.8282732 0.4517067 0.2146184 -0.0005828 -0.0026519 -0.9766929
0.8836468 0.8245488 0.4516659 0.2152069 -0.0005873 -0.0026648 -0.9765640
0.8776847 0.8213381 0.4516294 0.2158124 -0.0005919 -0.0026781 -0.9764306
0.8725153 0.8191547 0.4516017 0.2164516 -0.0005969 -0.0026921 -0.9762881
0.8673459 0.8169714 0.4515740 0.2170907 -0.0006019 -0.0027061 -0.9761456
0.8621765 0.8147880 0.4515463 0.2177299 -0.0006069 -0.0027202 -0.9760031
0.8570071 0.8126047 0.4515185 0.2183691 -0.0006119 -0.0027342 -0.9758606
0.8518377 0.8104213 0.4514908 0.2190083 -0.0006169 -0.0027482 -0.9757181
0.8466927 0.8082696 0.4514633 0.2196658 -0.0006221 -0.0027626 -0.9755706
0.8415992 0.8061846 0.4514364 0.2203623 -0.0006276 -0.0027778 -0.9754123
0.8365057 0.8040996 0.4514095 0.2210588 -0.0006332 -0.0027930 -0.9752540
0.8314121 0.8020146 0.4513826 0.2217552 -0.0006388 -0.0028083 -0.9750958
0.8263186 0.7999296 0.4513557 0.2224517 -0.0006443 -0.0028235 -0.9749375
0.8212251 0.7978446 0.4513288 0.2231482 -0.0006499 -0.0028387 -0.9747792
0.8161316 0.7957596 0.4513019 0.2237718 -0.0006550 -0.0028527 -0.9746370
0.8110381 0.7936746 0.4512750 0.2242328 -0.0006590 -0.0028641 -0.9745305
0.8059446 0.7915896 0.4512481 0.2246939 -0.0006631 -0.0028755 -0.9744239
0.8008511 0.7895046 0.4512212 0.2251550 -0.0006672 -0.0028868 -0.9743174
0.7957576 0.7874196 0.4511943 0.2256160 -0.0006712 -0.0028982 -0.9742109
0.7906641 0.7853346 0.4511674 0.2260771 -0.0006753 -0.0029096 -0.9741044
0.7855705 0.7832496 0.4511405 0.2265511 -0.0006795 -0.0029213 -0.9739944
0.7804770 0.7811646 0.4511136 0.2270558 -0.0006841 -0.0029340 -0.9738762
0.7753835 0.7790796 0.4510867 0.2275605 -0.0006887 -0.0029466 -0.9737581
0.7702900 0.7769946 0.4510598 0.2280652 -0.0006932 -0.0029592 -0.9736399
0.7651965 0.7749096 0.4510329 0.2285699 -0.0006978 -0.0029718 -0.9735217
0.7601030 0.7728246 0.4510060 0.2290746 -0.0007024 -0.0029845 -0.9734035
0.7550095 0.7707396 0.4509791 0.2292293 -0.0007056 -0.0029964 -0.9733671
0.7499160 0.7686546 0.4509522 0.2285087 -0.0007056 -0.0030065 -0.9735353
0.7448225 0.7665696 0.4509253 0.2277882 -0.0007056 -0.0030166 -0.9737034
0.7397289 0.7644846 0.4508984 0.2270677 -0.0007056 -0.0030267 -0.9738715
0.7346354 0.7623996 0.4508715 0.2263472 -0.0007056 -0.0030368 -0.9740396
0.7295419 0.7603146 0.4508446 0.2256266 -0.0007056 -0.0030469 -0.9742077
0.7244484 0.7582296 0.4508177 0.2248120 -0.0007054 -0.0030575 -0.9743961
0.7193549 0.7561446 0.4507908 0.2237476 -0.0007046 -0.0030693 -0.9746383
0.7142614 0.7540596 0.4507639 0.2226833 -0.0007037 -0.0030812 -0.9748805
0.7091679 0.7519746 0.4507370 0.2216189 -0.0007029 -0.0030931 -0.9751227
0.7040744 0.7498896 0.4507101 0.2205546 -0.0007020 -0.0031050 -0.9753649
0.6989809 0.7478047 0.4506832 0.2194903 -0.0007012 -0.0031169 -0.9756071
0.6948009 0.7460572 0.4506583 0.2183473 -0.0007002 -0.0031296 -0.9758644
0.6931957 0.7452612 0.4506387 0.2169827 -0.0006989 -0.0031448 -0.9761641
0.6915905 0.7444652 0.4506191 0.2156181 -0.0006976 -0.0031599 -0.9764639
0.6899853 0.7436691 0.4505995 0.2142535 -0.0006962 -0.0031750 -0.9767637
0.6883800 0.7428731 0.4505799 0.2128889 -0.0006949 -0.0031901 -0.9770635
0.6867748 0.7420771 0.4505603 0.2115243 -0.0006936 -0.0032052 -0.9773633
0.6852665 0.7413169 0.4505409 0.2100480 -0.0006921 -0.0032215 -0.9776830
0.6840488 0.7406640 0.4505222 0.2082367 -0.0006899 -0.0032413 -0.9780624
0.6828312 0.7400112 0.4505034 0.2064253 -0.0006877 -0.0032610 -0.9784419
0.6816136 0.7393584 0.4504846 0.2046140 -0.0006855 -0.0032808 -0.9788213
0.6803959 0.7387056 0.4504658 0.2028026 -0.0006833 -0.0033006 -0.9792007
0.6791783 0.7380528 0.4504470 0.2009913 -0.0006811 -0.0033204 -0.9795802
0.6779607 0.7374000 0.4504283 0.1991876 -0.0006784 -0.0033376 -0.9799532
0.6767430 0.7367472 0.4504095 0.1974084 -0.0006737 -0.0033461 -0.9803055
0.6755254 0.7360944 0.4503907 0.1956292 -0.0006691 -0.0033547 -0.9806578
0.6743078 0.7354415 0.4503719 0.1938500 -0.0006645 -0.0033633 -0.9810101
0.6730901 0.7347887 0.4503532 0.1920708 -0.0006598 -0.0033719 -0.9813625
0.6718725 0.7341359 0.4503344 0.1902916 -0.0006552 -0.0033805 -0.9817148
0.6706548 0.7334831 0.4503156 0.1883221 -0.0006499 -0.0033895 -0.9820965
0.6694372 0.7328303 0.4502968 0.1857013 -0.0006424 -0.0033999 -0.9825789
0.6682196 0.7321775 0.4502781 0.1830805 -0.0006349 -0.0034103 -0.9830614
0.6670019 0.7315247 0.4502593 0.1804598 -0.0006274 -0.0034207 -0.9835438
0.6657843 0.7308719 0.4502405 0.1778390 -0.0006199 -0.0034311 -0.9840262
0.6645667 0.7302190 0.4502217 0.1752182 -0.0006124 -0.0034415 -0.9845086
0.6633490 0.7295662 0.4502030 0.1729531 -0.0006065 -0.0034537 -0.9849232
0.6621314 0.7289134 0.4501842 0.1719919 -0.0006062 -0.0034724 -0.9850892
0.6609137 0.7282606 0.4501654 0.1710308 -0.0006059 -0.0034911 -0.9852552
0.6596961 0.7276078 0.4501466 0.1700697 -0.0006056 -0.0035098 -0.9854213
0.6584785 0.7269550 0.4501279 0.1691086 -0.0006053 -0.0035285 -0.9855873
0.6572608 0.7263022 0.4501091 0.1681475 -0.0006050 -0.0035472 -0.9857533
0.6560432 0.7256494 0.4500903 0.1671062 -0.0006048 -0.0035686 -0.9859311
0.6548256 0.7249965 0.4500715 0.1657491 -0.0006049 -0.0036005 -0.9861556
0.6536079 0.7243437 0.4500528 0.1643920 -0.0006050 -0.0036323 -0.9863802
0.6523903 0.7236909 0.4500340 0.1630349 -0.0006051 -0.0036642 -0.9866047
0.6511726 0.7230381 0.4500152 0.1616778 -0.0006052 -0.0036961 -0.9868292
0.6499550 0.7223853 0.4499964 0.1603207 -0.0006053 -0.0037280 -0.9870537
0.6490761 0.7219721 0.4499813 0.1586861 -0.0006051 -0.0037663 -0.9873172
0.6496367 0.7225772 0.4499816 0.1558723 -0.0006036 -0.0038318 -0.9877460
0.6501973 0.7231822 0.4499819 0.1530585 -0.0006021 -0.0038974 -0.9881749
0.6507579 0.7237873 0.4499823 0.1502447 -0.0006006 -0.0039629 -0.9886038
0.6513186 0.7243924 0.4499826 0.1474309 -0.0005991 -0.0040285 -0.9890327
0.6518792 0.7249975 0.4499829 0.1446171 -0.0005976 -0.0040940 -0.9894616
0.6524674 0.7256221 0.4499835 0.1406542 -0.0005926 -0.0041851 -0.9900041
0.6531826 0.7263365 0.4499855 0.1314054 -0.0005716 -0.0043939 -0.9910696
0.6538979 0.7270510 0.4499875 0.1221565 -0.0005506 -0.0046027 -0.9921351
0.6546131 0.7277654 0.4499895 0.1129076 -0.0005297 -0.0048116 -0.9932006
0.6553284 0.7284799 0.4499914 0.1036588 -0.0005087 -0.0050204 -0.9942661
0.6560436 0.7291943 0.4499934 0.0944099 -0.0004877 -0.0052292 -0.9953316
0.6567589 0.7299088 0.4499954 0.1094305 -0.0005392 -0.0052152 -0.9568990
0.6574741 0.7306232 0.4499974 0.2457980 -0.0009529 -0.0040874 -0.7209761
0.6581894 0.7313377 0.4499994 0.3821655 -0.0013667 -0.0029596 -0.4850531
0.6589046 0.7320522 0.4500014 0.5185329 -0.0017804 -0.0018318 -0.2491302
0.6596199 0.7327666 0.4500033 0.6549004 -0.0021941 -0.0007039 -0.0132072
0.6603351 0.7334811 0.4500053 0.7912679 -0.0026078 0.0004239 0.2227157
0.6610504 0.7341955 0.4500073 0.9080416 -0.0028551 0.0013346 0.4179908
0.6617656 0.7349100 0.4500093 0.9178026 -0.0021931 0.0010595 0.3912662
0.6624809 0.7356244 0.4500113 0.9275637 -0.0015311 0.0007843 0.3645416
0.6631961 0.7363389 0.4500132 0.9373247 -0.0008691 0.0005092 0.3378170
0.6639114 0.7370533 0.4500152 0.9470858 -0.0002070 0.0002340 0.3110924
0.6646266 0.7377678 0.4500172 0.9568468 0.0004550 -0.0000411 0.2843678
0.6653419 0.7384823 0.4500192 0.9652867 0.0010410 -0.0002814 0.2611839
0.6660571 0.7391967 0.4500212 0.9657995 0.0011713 -0.0003129 0.2592436
0.6667723 0.7399112 0.4500231 0.9663124 0.0013017 -0.0003443 0.2573034
0.6674876 0.7406256 0.4500251 0.9668252 0.0014320 -0.0003757 0.2553631
0.6682028 0.7413401 0.4500271 0.9673381 0.0015623 -0.0004071 0.2534228
0.6689181 0.7420545 0.4500291 0.9678509 0.0016926 -0.0004386 0.2514826
0.6696333 0.7427690 0.4500311 0.9683242 0.0018155 -0.0004681 0.2496883
0.6703486 0.7434834 0.4500331 0.9685347 0.0018892 -0.0004851 0.2488629
0.6710638 0.7441979 0.4500350 0.9687452 0.0019628 -0.0005020 0.2480375
0.6717791 0.7449124 0.4500370 0.9689557 0.0020364 -0.0005190 0.2472121
0.6724943 0.7456268 0.4500390 0.9691662 0.0021101 -0.0005359 0.2463868
0.6732096 0.7463413 0.4500410 0.9693767 0.0021837 -0.0005529 0.2455614
0.6739894 0.7470321 0.4500444 0.9695625 0.0022537 -0.0005691 0.2448327
0.6752472 0.7475477 0.4500588 0.9695656 0.0022971 -0.0005800 0.2448203
0.6765051 0.7480633 0.4500731 0.9695686 0.0023405 -0.0005910 0.2448078
0.6777629 0.7485789 0.4500874 0.9695716 0.0023839 -0.0006019 0.2447954
0.6790207 0.7490945 0.4501018 0.9695747 0.0024273 -0.0006128 0.2447829
0.6802785 0.7496102 0.4501161 0.9695777 0.0024706 -0.0006237 0.2447704
0.6815414 0.7501239 0.4501306 0.9695807 0.0025135 -0.0006345 0.2447581
0.6828464 0.7506223 0.4501460 0.9695834 0.0025520 -0.0006442 0.2447471
0.6841514 0.7511206 0.4501614 0.9695861 0.0025904 -0.0006539 0.2447360
0.6854564 0.7516189 0.4501768 0.9695887 0.0026289 -0.0006635 0.2447250
0.6867615 0.7521172 0.4501922 0.9695914 0.0026673 -0.0006732 0.2447139
0.6880665 0.7526156 0.4502076 0.9695941 0.0027058 -0.0006829 0.2447029
0.6893715 0.7531139 0.4502230 0.9695967 0.0027439 -0.0006925 0.2446919
0.6906765 0.7536122 0.4502384 0.9695991 0.0027782 -0.0007011 0.2446821
0.6919815 0.7541106 0.4502538 0.9696015 0.0028125 -0.0007097 0.2446722
0.6932865 0.7546089 0.4502693 0.9696039 0.0028469 -0.0007184 0.2446623
0.6945915 0.7551072 0.4502847 0.9696063 0.0028812 -0.0007270 0.2446525
0.6958965 0.7556056 0.4503001 0.9696087 0.0029156 -0.0007356 0.2446426
0.6972015 0.7561039 0.4503155 0.9696110 0.0029496 -0.0007442 0.2446328
0.6985065 0.7566022 0.4503309 0.9696132 0.0029805 -0.0007519 0.2446240
0.6998115 0.7571006 0.4503463 0.9696153 0.0030113 -0.0007597 0.2446151
0.7011165 0.7575989 0.4503617 0.9696174 0.0030421 -0.0007674 0.2446062
0.7024215 0.7580972 0.4503771 0.9696196 0.0030730 -0.0007752 0.2445974
0.7037265 0.7585955 0.4503925 0.9696217 0.0031038 -0.0007829 0.2445885
0.7050316 0.7590939 0.4504080 0.9696382 0.0031335 -0.0007902 0.2445219
0.7063366 0.7595922 0.4504234 0.9698420 0.0031486 -0.0007911 0.2437052
0.7076416 0.7600905 0.4504388 0.9700458 0.0031637 -0.0007921 0.2428884
0.7089466 0.7605889 0.4504542 0.9702495 0.0031788 -0.0007930 0.2420717
0.7102516 0.7610872 0.4504696 0.9704533 0.0031939 -0.0007939 0.2412550
0.7115566 0.7615855 0.4504850 0.9706571 0.0032090 -0.0007948 0.2404382
0.7128616 0.7620839 0.4505004 0.9708625 0.0032241 -0.0007957 0.2396134
0.7141666 0.7625822 0.4505158 0.9710948 0.0032389 -0.0007959 0.2386603
0.7154716 0.7630805 0.4505312 0.9713270 0.0032538 -0.0007962 0.2377072
0.7167766 0.7635789 0.4505467 0.9715593 0.0032686 -0.0007964 0.2367542
0.7180816 0.7640772 0.4505621 0.9717915 0.0032835 -0.0007966 0.2358011
0.7193866 0.7645755 0.4505775 0.9720238 0.0032983 -0.0007968 0.2348481
0.7207671 0.7651151 0.4505930 0.9722566 0.0033132 -0.0007970 0.2338913
0.7236565 0.7664803 0.4506113 0.9725008 0.0033291 -0.0007971 0.2328617
0.7265460 0.7678455 0.4506295 0.9727451 0.0033451 -0.0007971 0.2318321
0.7294354 0.7692107 0.4506478 0.9729893 0.0033610 -0.0007971 0.2308025
0.7323248 0.7705759 0.4506660 0.9732335 0.0033770 -0.0007971 0.2297729
0.7352143 0.7719411 0.4506843 0.9734778 0.0033929 -0.0007972 0.2287432
0.7381086 0.7733089 0.4507025 0.9737224 0.0034089 -0.0007972 0.2277106
0.7411358 0.7747495 0.4507210 0.9739792 0.0034261 -0.0007970 0.2265952
0.7441631 0.7761901 0.4507395 0.9742360 0.0034432 -0.0007968 0.2254798
0.7471903 0.7776306 0.4507580 0.9744928 0.0034604 -0.0007965 0.2243645
0.7502175 0.7790712 0.4507765 0.9747495 0.0034776 -0.0007963 0.2232491
0.7532447 0.7805118 0.4507950 0.9750063 0.0034947 -0.0007961 0.2221338
0.7562719 0.7819523 0.4508135 0.9752634 0.0035119 -0.0007959 0.2210161
0.7592991 0.7833929 0.4508320 0.9755332 0.0035305 -0.0007954 0.2198044
0.7623263 0.7848335 0.4508504 0.9758030 0.0035490 -0.0007948 0.2185926
0.7653536 0.7862740 0.4508689 0.9760729 0.0035675 -0.0007943 0.2173809
0.7683808 0.7877146 0.4508874 0.9763427 0.0035860 -0.0007938 0.2161692
0.7714080 0.7891552 0.4509059 0.9766125 0.0036045 -0.0007933 0.2149575
0.7744352 0.7905957 0.4509244 0.9768825 0.0036231 -0.0007927 0.2137444
0.7774624 0.7920363 0.4509429 0.9771658 0.0036431 -0.0007918 0.2124240
0.7804896 0.7934769 0.4509614 0.9774490 0.0036631 -0.0007909 0.2111035
0.7835168 0.7949174 0.4509799 0.9777323 0.0036831 -0.0007900 0.2097831
0.7865440 0.7963580 0.4509984 0.9780155 0.0037032 -0.0007891 0.2084626
0.7895713 0.7977986 0.4510169 0.9782988 0.0037232 -0.0007882 0.2071422
0.7925985 0.7992391 0.4510354 0.9785820 0.0037432 -0.0007873 0.2058217
