1.2283125 -0.0764286 0.0652679 1.0000000 0.0000000 0.0000000 0.0000000
1.2277938 -0.0811706 0.0671943 1.0000000 0.0000000 0.0000000 0.0000000
1.2272752 -0.0859127 0.0691208 1.0000000 0.0000000 0.0000000 0.0000000
1.2267565 -0.0906547 0.0710472 1.0000000 0.0000000 0.0000000 0.0000000
1.2262379 -0.0953968 0.0729737 1.0000000 0.0000000 0.0000000 0.0000000
1.2257192 -0.1001388 0.0749001 1.0000000 0.0000000 0.0000000 0.0000000
1.2252005 -0.1048809 0.0768266 1.0000000 0.0000000 0.0000000 0.0000000
1.2246188 -0.1094818 0.0785977 1.0000000 0.0000000 0.0000000 0.0000000
1.2240354 -0.1140790 0.0803648 1.0000000 0.0000000 0.0000000 0.0000000
1.2234520 -0.1186763 0.0821320 1.0000000 0.0000000 0.0000000 0.0000000
1.2228686 -0.1232736 0.0838991 1.0000000 0.0000000 0.0000000 0.0000000
1.2222853 -0.1278708 0.0856662 1.0000000 0.0000000 0.0000000 0.0000000
1.2217019 -0.1324681 0.0874333 1.0000000 0.0000000 0.0000000 0.0000000
1.2209751 -0.1367445 0.0888473 1.0000000 0.0000000 0.0000000 0.0000000
1.2202407 -0.1410040 0.0902427 1.0000000 0.0000000 0.0000000 0.0000000
1.2195063 -0.1452634 0.0916380 1.0000000 0.0000000 0.0000000 0.0000000
1.2187719 -0.1495229 0.0930334 1.0000000 0.0000000 0.0000000 0.0000000
1.2180375 -0.1537823 0.0944287 1.0000000 0.0000000 0.0000000 0.0000000
1.2173031 -0.1580418 0.0958240 1.0000000 0.0000000 0.0000000 0.0000000
1.2165627 -0.1622847 0.0971788 1.0000000 0.0000000 0.0000000 0.0000000
1.2158218 -0.1665263 0.0985303 1.0000000 0.0000000 0.0000000 0.0000000
1.2150809 -0.1707679 0.0998818 1.0000000 0.0000000 0.0000000 0.0000000
1.2143400 -0.1750095 0.1012333 1.0000000 0.0000000 0.0000000 0.0000000
1.2135991 -0.1792510 0.1025848 1.0000000 0.0000000 0.0000000 0.0000000
1.2128582 -0.1834926 0.1039362 1.0000000 0.0000000 0.0000000 0.0000000
1.2119768 -0.1873486 0.1043411 1.0000000 0.0000000 0.0000000 0.0000000
1.2110797 -0.1911614 0.1046401 1.0000000 0.0000000 0.0000000 0.0000000
1.2101825 -0.1949743 0.1049392 1.0000000 0.0000000 0.0000000 0.0000000
1.2092854 -0.1987872 0.1052382 1.0000000 0.0000000 0.0000000 0.0000000
1.2083882 -0.2026000 0.1055373 1.0000000 0.0000000 0.0000000 0.0000000
1.2074911 -0.2064129 0.1058363 1.0000000 0.0000000 0.0000000 0.0000000
1.2065939 -0.2102258 0.1061354 1.0000000 0.0000000 0.0000000 0.0000000
1.2056968 -0.2140386 0.1064344 1.0000000 0.0000000 0.0000000 0.0000000
1.2047997 -0.2178515 0.1067334 1.0000000 0.0000000 0.0000000 0.0000000
1.2039025 -0.2216643 0.1070325 1.0000000 0.0000000 0.0000000 0.0000000
1.2030054 -0.2254772 0.1073315 1.0000000 0.0000000 0.0000000 0.0000000
1.2021082 -0.2292901 0.1076306 1.0000000 0.0000000 0.0000000 0.0000000
1.2015778 -0.2330276 0.1085470 1.0000000 0.0000000 0.0000000 0.0000000
1.2011126 -0.2367518 0.1095729 1.0000000 0.0000000 0.0000000 0.0000000
1.2006473 -0.2404760 0.1105989 1.0000000 0.0000000 0.0000000 0.0000000
1.2001820 -0.2442002 0.1116248 1.0000000 0.0000000 0.0000000 0.0000000
1.1997167 -0.2479244 0.1126508 1.0000000 0.0000000 0.0000000 0.0000000
1.1992515 -0.2516486 0.1136767 1.0000000 0.0000000 0.0000000 0.0000000
1.1988643 -0.2553567 0.1148341 1.0000000 0.0000000 0.0000000 0.0000000
1.1984939 -0.2590614 0.1160197 1.0000000 0.0000000 0.0000000 0.0000000
1.1981234 -0.2627662 0.1172052 1.0000000 0.0000000 0.0000000 0.0000000
1.1977529 -0.2664709 0.1183907 1.0000000 0.0000000 0.0000000 0.0000000
1.1973824 -0.2701756 0.1195762 1.0000000 0.0000000 0.0000000 0.0000000
1.1970120 -0.2738803 0.1207617 1.0000000 0.0000000 0.0000000 0.0000000
1.1969162 -0.2775851 0.1218785 1.0000000 0.0000000 0.0000000 0.0000000
1.1968895 -0.2812898 0.1229781 1.0000000 0.0000000 0.0000000 0.0000000
1.1968628 -0.2849945 0.1240777 1.0000000 0.0000000 0.0000000 0.0000000
1.1968362 -0.2886992 0.1251772 1.0000000 0.0000000 0.0000000 0.0000000
1.1968095 -0.2924040 0.1262768 1.0000000 0.0000000 0.0000000 0.0000000
1.1967828 -0.2961087 0.1273764 1.0000000 0.0000000 0.0000000 0.0000000
1.1969488 -0.2998134 0.1284278 1.0000000 0.0000000 0.0000000 0.0000000
1.1971711 -0.3035181 0.1294651 1.0000000 0.0000000 0.0000000 0.0000000
1.1973934 -0.3072228 0.1305024 1.0000000 0.0000000 0.0000000 0.0000000
1.1976157 -0.3109276 0.1315397 1.0000000 0.0000000 0.0000000 0.0000000
1.1978379 -0.3146323 0.1325770 1.0000000 0.0000000 0.0000000 0.0000000
1.1980602 -0.3183370 0.1336144 1.0000000 0.0000000 0.0000000 0.0000000
1.1982446 -0.3221456 0.1347989 1.0000000 0.0000000 0.0000000 0.0000000
1.1984163 -0.3259890 0.1360329 1.0000000 0.0000000 0.0000000 0.0000000
1.1985880 -0.3298324 0.1372668 1.0000000 0.0000000 0.0000000 0.0000000
1.1987596 -0.3336757 0.1385008 1.0000000 0.0000000 0.0000000 0.0000000
1.1989313 -0.3375191 0.1397347 1.0000000 0.0000000 0.0000000 0.0000000
1.1991030 -0.3413625 0.1409687 1.0000000 0.0000000 0.0000000 0.0000000
1.1992036 -0.3454007 0.1424789 1.0000000 0.0000000 0.0000000 0.0000000
1.1992770 -0.3495133 0.1440945 1.0000000 0.0000000 0.0000000 0.0000000
1.1993505 -0.3536259 0.1457102 1.0000000 0.0000000 0.0000000 0.0000000
1.1994239 -0.3577384 0.1473258 1.0000000 0.0000000 0.0000000 0.0000000
1.1994973 -0.3618510 0.1489415 1.0000000 0.0000000 0.0000000 0.0000000
1.1995708 -0.3659636 0.1505571 1.0000000 0.0000000 0.0000000 0.0000000
1.1996359 -0.3701012 0.1522036 1.0000000 0.0000000 0.0000000 0.0000000
1.1996975 -0.3742496 0.1538635 1.0000000 0.0000000 0.0000000 0.0000000
1.1997591 -0.3783980 0.1555233 1.0000000 0.0000000 0.0000000 0.0000000
1.1998207 -0.3825464 0.1571832 1.0000000 0.0000000 0.0000000 0.0000000
1.1998823 -0.3866948 0.1588430 1.0000000 0.0000000 0.0000000 0.0000000
1.1999438 -0.3908432 0.1605029 1.0000000 0.0000000 0.0000000 0.0000000
1.1999136 -0.3952691 0.1625050 1.0000000 0.0000000 0.0000000 0.0000000
1.1998389 -0.3998296 0.1646731 1.0000000 0.0000000 0.0000000 0.0000000
1.1997641 -0.4043900 0.1668412 1.0000000 0.0000000 0.0000000 0.0000000
1.1996893 -0.4089505 0.1690093 1.0000000 0.0000000 0.0000000 0.0000000
1.1996146 -0.4135110 0.1711774 1.0000000 0.0000000 0.0000000 0.0000000
1.1995398 -0.4180715 0.1733455 1.0000000 0.0000000 0.0000000 0.0000000
1.1994650 -0.4226320 0.1755136 1.0000000 0.0000000 0.0000000 0.0000000
1.1993903 -0.4271925 0.1776817 1.0000000 0.0000000 0.0000000 0.0000000
1.1993155 -0.4317529 0.1798498 1.0000000 0.0000000 0.0000000 0.0000000
1.1992408 -0.4363134 0.1820179 1.0000000 0.0000000 0.0000000 0.0000000
1.1991660 -0.4408739 0.1841860 1.0000000 0.0000000 0.0000000 0.0000000
1.1990912 -0.4454344 0.1863540 1.0000000 0.0000000 0.0000000 0.0000000
1.1988977 -0.4499333 0.1883132 1.0000000 0.0000000 0.0000000 0.0000000
1.1986324 -0.4543951 0.1901461 1.0000000 0.0000000 0.0000000 0.0000000
1.1983670 -0.4588568 0.1919789 1.0000000 0.0000000 0.0000000 0.0000000
1.1981017 -0.4633186 0.1938118 1.0000000 0.0000000 0.0000000 0.0000000
1.1978363 -0.4677803 0.1956446 1.0000000 0.0000000 0.0000000 0.0000000
1.1975710 -0.4722420 0.1974775 1.0000000 0.0000000 0.0000000 0.0000000
1.1972871 -0.4766942 0.1992777 1.0000000 0.0000000 0.0000000 0.0000000
1.1969907 -0.4811398 0.2010559 1.0000000 0.0000000 0.0000000 0.0000000
1.1966943 -0.4855855 0.2028342 1.0000000 0.0000000 0.0000000 0.0000000
1.1963979 -0.4900312 0.2046125 1.0000000 0.0000000 0.0000000 0.0000000
1.1961015 -0.4944769 0.2063907 1.0000000 0.0000000 0.0000000 0.0000000
1.1958052 -0.4989225 0.2081690 1.0000000 0.0000000 0.0000000 0.0000000
1.1954825 -0.5034735 0.2106578 1.0000000 0.0000000 0.0000000 0.0000000
1.1951402 -0.5081029 0.2136764 1.0000000 0.0000000 0.0000000 0.0000000
1.1947978 -0.5127323 0.2166950 1.0000000 0.0000000 0.0000000 0.0000000
1.1944555 -0.5173617 0.2197137 1.0000000 0.0000000 0.0000000 0.0000000
1.1941132 -0.5219912 0.2227323 1.0000000 0.0000000 0.0000000 0.0000000
1.1937709 -0.5266206 0.2257509 1.0000000 0.0000000 0.0000000 0.0000000
1.1934131 -0.5313117 0.2291859 1.0000000 0.0000000 0.0000000 0.0000000
1.1930427 -0.5360537 0.2329647 1.0000000 0.0000000 0.0000000 0.0000000
1.1926722 -0.5407958 0.2367435 1.0000000 0.0000000 0.0000000 0.0000000
1.1923017 -0.5455378 0.2405223 1.0000000 0.0000000 0.0000000 0.0000000
1.1919313 -0.5502799 0.2443012 1.0000000 0.0000000 0.0000000 0.0000000
1.1915608 -0.5550219 0.2480800 1.0000000 0.0000000 0.0000000 0.0000000
1.1916465 -0.5599553 0.2506669 1.0000000 0.0000000 0.0000000 0.0000000
1.1921488 -0.5650633 0.2521651 1.0000000 0.0000000 0.0000000 0.0000000
1.1926512 -0.5701714 0.2536633 1.0000000 0.0000000 0.0000000 0.0000000
1.1931536 -0.5752795 0.2551615 1.0000000 0.0000000 0.0000000 0.0000000
1.1936559 -0.5803876 0.2566597 1.0000000 0.0000000 0.0000000 0.0000000
1.1941583 -0.5854956 0.2581579 1.0000000 0.0000000 0.0000000 0.0000000
1.1953691 -0.5909008 0.2578049 1.0000000 0.0000000 0.0000000 0.0000000
1.1972956 -0.5966061 0.2555820 1.0000000 0.0000000 0.0000000 0.0000000
1.1992220 -0.6023114 0.2533592 1.0000000 0.0000000 0.0000000 0.0000000
1.2011485 -0.6080166 0.2511364 1.0000000 0.0000000 0.0000000 0.0000000
1.2030749 -0.6137219 0.2489135 1.0000000 0.0000000 0.0000000 0.0000000
1.2050014 -0.6194272 0.2466907 1.0000000 0.0000000 0.0000000 0.0000000
1.2069719 -0.6251962 0.2451147 1.0000000 0.0000000 0.0000000 0.0000000
1.2089918 -0.6310363 0.2442611 1.0000000 0.0000000 0.0000000 0.0000000
1.2110116 -0.6368764 0.2434075 1.0000000 0.0000000 0.0000000 0.0000000
1.2130314 -0.6427165 0.2425540 1.0000000 0.0000000 0.0000000 0.0000000
1.2150512 -0.6485567 0.2417004 1.0000000 0.0000000 0.0000000 0.0000000
1.2170710 -0.6543968 0.2408468 1.0000000 0.0000000 0.0000000 0.0000000
1.2193473 -0.6606074 0.2437550 1.0000000 0.0000000 0.0000000 0.0000000
1.2219406 -0.6672759 0.2513127 1.0000000 0.0000000 0.0000000 0.0000000
1.2245339 -0.6739444 0.2588703 1.0000000 0.0000000 0.0000000 0.0000000
1.2271272 -0.6806129 0.2664280 1.0000000 0.0000000 0.0000000 0.0000000
1.2297205 -0.6872814 0.2739856 1.0000000 0.0000000 0.0000000 0.0000000
1.2323139 -0.6939499 0.2815432 1.0000000 0.0000000 0.0000000 0.0000000
1.2349072 -0.7006184 0.2891009 1.0000000 0.0000000 0.0000000 0.0000000
1.2375005 -0.7072869 0.2966585 1.0000000 0.0000000 0.0000000 0.0000000
1.2400938 -0.7139554 0.3042161 1.0000000 0.0000000 0.0000000 0.0000000
1.2426871 -0.7206239 0.3117738 1.0000000 0.0000000 0.0000000 0.0000000
1.2452804 -0.7272924 0.3193314 1.0000000 0.0000000 0.0000000 0.0000000
1.2478737 -0.7339609 0.3268891 1.0000000 0.0000000 0.0000000 0.0000000
1.2460245 -0.7360691 0.3271809 1.0000000 0.0000000 0.0000000 0.0000000
1.2374271 -0.7312500 0.3164362 1.0000000 0.0000000 0.0000000 0.0000000
1.2288297 -0.7264310 0.3056914 1.0000000 0.0000000 0.0000000 0.0000000
1.2202323 -0.7216120 0.2949467 1.0000000 0.0000000 0.0000000 0.0000000
1.2116349 -0.7167930 0.2842019 1.0000000 0.0000000 0.0000000 0.0000000
1.2030375 -0.7119739 0.2734572 1.0000000 0.0000000 0.0000000 0.0000000
1.1939778 -0.7066803 0.2619562 1.0000000 0.0000000 0.0000000 0.0000000
1.1841370 -0.7005848 0.2491779 1.0000000 0.0000000 0.0000000 0.0000000
1.1742962 -0.6944894 0.2363995 1.0000000 0.0000000 0.0000000 0.0000000
1.1644554 -0.6883940 0.2236212 1.0000000 0.0000000 0.0000000 0.0000000
1.1546146 -0.6822986 0.2108428 1.0000000 0.0000000 0.0000000 0.0000000
1.1447738 -0.6762032 0.1980645 1.0000000 0.0000000 0.0000000 0.0000000
1.1356070 -0.6718917 0.1859816 1.0000000 0.0000000 0.0000000 0.0000000
1.1277102 -0.6709414 0.1752091 1.0000000 0.0000000 0.0000000 0.0000000
1.1198134 -0.6699911 0.1644365 1.0000000 0.0000000 0.0000000 0.0000000
1.1119166 -0.6690408 0.1536639 1.0000000 0.0000000 0.0000000 0.0000000
1.1040197 -0.6680905 0.1428914 1.0000000 0.0000000 0.0000000 0.0000000
1.0961229 -0.6671402 0.1321188 1.0000000 0.0000000 0.0000000 0.0000000
1.0885778 -0.6671206 0.1217091 1.0000000 0.0000000 0.0000000 0.0000000
1.0817744 -0.6690645 0.1120648 1.0000000 0.0000000 0.0000000 0.0000000
1.0749711 -0.6710083 0.1024205 1.0000000 0.0000000 0.0000000 0.0000000
1.0681677 -0.6729521 0.0927762 1.0000000 0.0000000 0.0000000 0.0000000
1.0613644 -0.6748959 0.0831319 1.0000000 0.0000000 0.0000000 0.0000000
1.0545610 -0.6768397 0.0734876 1.0000000 0.0000000 0.0000000 0.0000000
1.0476915 -0.6789936 0.0633374 1.0000000 0.0000000 0.0000000 0.0000000
1.0406647 -0.6816458 0.0519865 1.0000000 0.0000000 0.0000000 0.0000000
1.0336379 -0.6842981 0.0406357 1.0000000 0.0000000 0.0000000 0.0000000
1.0266111 -0.6869504 0.0292849 1.0000000 0.0000000 0.0000000 0.0000000
1.0195843 -0.6896027 0.0179340 1.0000000 0.0000000 0.0000000 0.0000000
1.0125575 -0.6922549 0.0065832 1.0000000 0.0000000 0.0000000 0.0000000
1.0054470 -0.6951727 -0.0054071 1.0000000 0.0000000 0.0000000 0.0000000
0.9981116 -0.6988033 -0.0191146 1.0000000 0.0000000 0.0000000 0.0000000
0.9907763 -0.7024340 -0.0328221 1.0000000 0.0000000 0.0000000 0.0000000
0.9834409 -0.7060646 -0.0465296 1.0000000 0.0000000 0.0000000 0.0000000
0.9761056 -0.7096952 -0.0602370 1.0000000 0.0000000 0.0000000 0.0000000
0.9687702 -0.7133258 -0.0739445 1.0000000 0.0000000 0.0000000 0.0000000
0.9613528 -0.7169729 -0.0876027 1.0000000 0.0000000 0.0000000 0.0000000
0.9536840 -0.7206702 -0.1011102 1.0000000 0.0000000 0.0000000 0.0000000
0.9460152 -0.7243675 -0.1146176 1.0000000 0.0000000 0.0000000 0.0000000
0.9383464 -0.7280648 -0.1281250 1.0000000 0.0000000 0.0000000 0.0000000
0.9306777 -0.7317622 -0.1416324 1.0000000 0.0000000 0.0000000 0.0000000
0.9230089 -0.7354595 -0.1551399 1.0000000 0.0000000 0.0000000 0.0000000
0.9150043 -0.7392240 -0.1684458 1.0000000 0.0000000 0.0000000 0.0000000
0.9058165 -0.7432251 -0.1810418 1.0000000 0.0000000 0.0000000 0.0000000
0.8966288 -0.7472262 -0.1936379 1.0000000 0.0000000 0.0000000 0.0000000
0.8874411 -0.7512273 -0.2062340 1.0000000 0.0000000 0.0000000 0.0000000
0.8782534 -0.7552284 -0.2188300 1.0000000 0.0000000 0.0000000 0.0000000
0.8690657 -0.7592295 -0.2314261 1.0000000 0.0000000 0.0000000 0.0000000
0.8598780 -0.7632306 -0.2440221 1.0000000 0.0000000 0.0000000 0.0000000
0.8506902 -0.7672317 -0.2566182 1.0000000 0.0000000 0.0000000 0.0000000
0.8415025 -0.7712328 -0.2692143 1.0000000 0.0000000 0.0000000 0.0000000
0.8323148 -0.7752339 -0.2818103 1.0000000 0.0000000 0.0000000 0.0000000
0.8231271 -0.7792350 -0.2944064 1.0000000 0.0000000 0.0000000 0.0000000
0.8139394 -0.7832361 -0.3070025 1.0000000 0.0000000 0.0000000 0.0000000
0.8060844 -0.7869278 -0.3185156 1.0000000 0.0000000 0.0000000 0.0000000
0.8046974 -0.7891180 -0.3247737 1.0000000 0.0000000 0.0000000 0.0000000
0.8033103 -0.7913082 -0.3310317 1.0000000 0.0000000 0.0000000 0.0000000
0.8019233 -0.7934985 -0.3372897 1.0000000 0.0000000 0.0000000 0.0000000
0.8005363 -0.7956887 -0.3435477 1.0000000 0.0000000 0.0000000 0.0000000
0.7991492 -0.7978789 -0.3498057 1.0000000 0.0000000 0.0000000 0.0000000
0.7978347 -0.8000523 -0.3560048 1.0000000 0.0000000 0.0000000 0.0000000
0.7969456 -0.8021270 -0.3618583 1.0000000 0.0000000 0.0000000 0.0000000
0.7960564 -0.8042016 -0.3677117 1.0000000 0.0000000 0.0000000 0.0000000
0.7951673 -0.8062763 -0.3735652 1.0000000 0.0000000 0.0000000 0.0000000
0.7942782 -0.8083509 -0.3794187 1.0000000 0.0000000 0.0000000 0.0000000
0.7933890 -0.8104256 -0.3852721 1.0000000 0.0000000 0.0000000 0.0000000
0.7925564 -0.8128768 -0.3908856 1.0000000 0.0000000 0.0000000 0.0000000
0.7921354 -0.8180745 -0.3947494 1.0000000 0.0000000 0.0000000 0.0000000
0.7917145 -0.8232721 -0.3986131 1.0000000 0.0000000 0.0000000 0.0000000
0.7912935 -0.8284697 -0.4024768 1.0000000 0.0000000 0.0000000 0.0000000
0.7908725 -0.8336674 -0.4063405 1.0000000 0.0000000 0.0000000 0.0000000
0.7904516 -0.8388650 -0.4102043 1.0000000 0.0000000 0.0000000 0.0000000
0.7900498 -0.8441904 -0.4139866 1.0000000 0.0000000 0.0000000 0.0000000
0.7898294 -0.8507265 -0.4169976 1.0000000 0.0000000 0.0000000 0.0000000
0.7896091 -0.8572625 -0.4200086 1.0000000 0.0000000 0.0000000 0.0000000
0.7893888 -0.8637986 -0.4230196 1.0000000 0.0000000 0.0000000 0.0000000
0.7891685 -0.8703346 -0.4260306 1.0000000 0.0000000 0.0000000 0.0000000
0.7889482 -0.8768707 -0.4290415 1.0000000 0.0000000 0.0000000 0.0000000
0.7887416 -0.8833525 -0.4319709 1.0000000 0.0000000 0.0000000 0.0000000
0.7887169 -0.8891180 -0.4338215 1.0000000 0.0000000 0.0000000 0.0000000
0.7886922 -0.8948835 -0.4356722 1.0000000 0.0000000 0.0000000 0.0000000
0.7886676 -0.9006490 -0.4375228 1.0000000 0.0000000 0.0000000 0.0000000
0.7886429 -0.9064145 -0.4393734 1.0000000 0.0000000 0.0000000 0.0000000
0.7886182 -0.9121799 -0.4412241 1.0000000 0.0000000 0.0000000 0.0000000
0.7886047 -0.9179011 -0.4430079 1.0000000 0.0000000 0.0000000 0.0000000
0.7888290 -0.9226858 -0.4433817 1.0000000 0.0000000 0.0000000 0.0000000
0.7890533 -0.9274706 -0.4437555 1.0000000 0.0000000 0.0000000 0.0000000
0.7892776 -0.9322554 -0.4441293 1.0000000 0.0000000 0.0000000 0.0000000
0.7895019 -0.9370402 -0.4445031 1.0000000 0.0000000 0.0000000 0.0000000
0.7897262 -0.9418249 -0.4448769 1.0000000 0.0000000 0.0000000 0.0000000
0.7899534 -0.9465999 -0.4452455 1.0000000 0.0000000 0.0000000 0.0000000
0.7903222 -0.9508975 -0.4453594 1.0000000 0.0000000 0.0000000 0.0000000
0.7906910 -0.9551951 -0.4454732 1.0000000 0.0000000 0.0000000 0.0000000
0.7910598 -0.9594927 -0.4455871 1.0000000 0.0000000 0.0000000 0.0000000
0.7914286 -0.9637903 -0.4457009 1.0000000 0.0000000 0.0000000 0.0000000
0.7917975 -0.9680879 -0.4458148 1.0000000 0.0000000 0.0000000 0.0000000
0.7921663 -0.9723855 -0.4459286 1.0000000 0.0000000 0.0000000 0.0000000
0.7930450 -0.9749645 -0.4451254 1.0000000 0.0000000 0.0000000 0.0000000
0.7939262 -0.9775349 -0.4443176 1.0000000 0.0000000 0.0000000 0.0000000
0.7948075 -0.9801052 -0.4435098 1.0000000 0.0000000 0.0000000 0.0000000
0.7956888 -0.9826756 -0.4427020 1.0000000 0.0000000 0.0000000 0.0000000
0.7965700 -0.9852459 -0.4418941 1.0000000 0.0000000 0.0000000 0.0000000
0.7974513 -0.9878163 -0.4410863 1.0000000 0.0000000 0.0000000 0.0000000
0.7983326 -0.9903867 -0.4402785 1.0000000 0.0000000 0.0000000 0.0000000
0.7992138 -0.9929570 -0.4394707 1.0000000 0.0000000 0.0000000 0.0000000
0.8000951 -0.9955274 -0.4386628 1.0000000 0.0000000 0.0000000 0.0000000
0.8009764 -0.9980977 -0.4378550 1.0000000 0.0000000 0.0000000 0.0000000
0.8018576 -1.0006681 -0.4370472 1.0000000 0.0000000 0.0000000 0.0000000
0.8027389 -1.0032385 -0.4362393 1.0000000 0.0000000 0.0000000 0.0000000
0.8040977 -1.0039481 -0.4343498 1.0000000 0.0000000 0.0000000 0.0000000
0.8054844 -1.0045488 -0.4323970 1.0000000 0.0000000 0.0000000 0.0000000
0.8068712 -1.0051495 -0.4304441 1.0000000 0.0000000 0.0000000 0.0000000
0.8082579 -1.0057502 -0.4284913 1.0000000 0.0000000 0.0000000 0.0000000
0.8096446 -1.0063510 -0.4265384 1.0000000 0.0000000 0.0000000 0.0000000
0.8110314 -1.0069517 -0.4245856 1.0000000 0.0000000 0.0000000 0.0000000
0.8124375 -1.0074770 -0.4225889 1.0000000 0.0000000 0.0000000 0.0000000
0.8138453 -1.0079956 -0.4205883 1.0000000 0.0000000 0.0000000 0.0000000
0.8152531 -1.0085143 -0.4185878 1.0000000 0.0000000 0.0000000 0.0000000
0.8166608 -1.0090329 -0.4165872 1.0000000 0.0000000 0.0000000 0.0000000
0.8180686 -1.0095516 -0.4145867 1.0000000 0.0000000 0.0000000 0.0000000
0.8194764 -1.0100703 -0.4125861 1.0000000 0.0000000 0.0000000 0.0000000
0.8209320 -1.0103503 -0.4100607 1.0000000 0.0000000 0.0000000 0.0000000
0.8223931 -1.0106023 -0.4074733 1.0000000 0.0000000 0.0000000 0.0000000
0.8238542 -1.0108542 -0.4048859 1.0000000 0.0000000 0.0000000 0.0000000
0.8253154 -1.0111061 -0.4022985 1.0000000 0.0000000 0.0000000 0.0000000
0.8267765 -1.0113580 -0.3997111 1.0000000 0.0000000 0.0000000 0.0000000
0.8282377 -1.0116099 -0.3971238 1.0000000 0.0000000 0.0000000 0.0000000
0.8297168 -1.0117717 -0.3943380 1.0000000 0.0000000 0.0000000 0.0000000
0.8311987 -1.0119199 -0.3915224 1.0000000 0.0000000 0.0000000 0.0000000
0.8326806 -1.0120681 -0.3887068 1.0000000 0.0000000 0.0000000 0.0000000
0.8341625 -1.0122163 -0.3858912 1.0000000 0.0000000 0.0000000 0.0000000
0.8356444 -1.0123644 -0.3830756 1.0000000 0.0000000 0.0000000 0.0000000
0.8371263 -1.0125126 -0.3802600 1.0000000 0.0000000 0.0000000 0.0000000
0.8388863 -1.0125402 -0.3780704 1.0000000 0.0000000 0.0000000 0.0000000
0.8406975 -1.0125455 -0.3759962 1.0000000 0.0000000 0.0000000 0.0000000
0.8425088 -1.0125508 -0.3739220 1.0000000 0.0000000 0.0000000 0.0000000
0.8443201 -1.0125560 -0.3718479 1.0000000 0.0000000 0.0000000 0.0000000
0.8461313 -1.0125613 -0.3697737 1.0000000 0.0000000 0.0000000 0.0000000
0.8479426 -1.0125666 -0.3676996 1.0000000 0.0000000 0.0000000 0.0000000
0.8500461 -1.0124451 -0.3662833 1.0000000 0.0000000 0.0000000 0.0000000
0.8522142 -1.0122956 -0.3650123 1.0000000 0.0000000 0.0000000 0.0000000
0.8543823 -1.0121460 -0.3637414 1.0000000 0.0000000 0.0000000 0.0000000
0.8565504 -1.0119965 -0.3624704 1.0000000 0.0000000 0.0000000 0.0000000
0.8587185 -1.0118470 -0.3611995 1.0000000 0.0000000 0.0000000 0.0000000
0.8608866 -1.0116975 -0.3599285 1.0000000 0.0000000 0.0000000 0.0000000
0.8629896 -1.0114870 -0.3587364 1.0000000 0.0000000 0.0000000 0.0000000
0.8650756 -1.0112608 -0.3575647 1.0000000 0.0000000 0.0000000 0.0000000
0.8671616 -1.0110346 -0.3563930 1.0000000 0.0000000 0.0000000 0.0000000
0.8692476 -1.0108083 -0.3552213 1.0000000 0.0000000 0.0000000 0.0000000
0.8713336 -1.0105821 -0.3540497 1.0000000 0.0000000 0.0000000 0.0000000
0.8734196 -1.0103559 -0.3528780 1.0000000 0.0000000 0.0000000 0.0000000
0.8753260 -1.0099618 -0.3519235 1.0000000 0.0000000 0.0000000 0.0000000
0.8771783 -1.0095172 -0.3510344 1.0000000 0.0000000 0.0000000 0.0000000
0.8790307 -1.0090726 -0.3501453 1.0000000 0.0000000 0.0000000 0.0000000
0.8808830 -1.0086281 -0.3492561 1.0000000 0.0000000 0.0000000 0.0000000
0.8827354 -1.0081835 -0.3483670 1.0000000 0.0000000 0.0000000 0.0000000
0.8845878 -1.0077389 -0.3474779 1.0000000 0.0000000 0.0000000 0.0000000
0.8864246 -1.0072813 -0.3465845 1.0000000 0.0000000 0.0000000 0.0000000
0.8882561 -1.0068192 -0.3456896 1.0000000 0.0000000 0.0000000 0.0000000
0.8900875 -1.0063571 -0.3447948 1.0000000 0.0000000 0.0000000 0.0000000
0.8919190 -1.0058950 -0.3438999 1.0000000 0.0000000 0.0000000 0.0000000
0.8937505 -1.0054329 -0.3430051 1.0000000 0.0000000 0.0000000 0.0000000
0.8955820 -1.0049707 -0.3421102 1.0000000 0.0000000 0.0000000 0.0000000
0.8966778 -1.0038908 -0.3410140 1.0000000 0.0000000 0.0000000 0.0000000
0.8974857 -1.0025689 -0.3398390 1.0000000 0.0000000 0.0000000 0.0000000
0.8982935 -1.0012470 -0.3386640 1.0000000 0.0000000 0.0000000 0.0000000
0.8991013 -0.9999251 -0.3374890 1.0000000 0.0000000 0.0000000 0.0000000
0.8999091 -0.9986032 -0.3363140 1.0000000 0.0000000 0.0000000 0.0000000
0.9007170 -0.9972813 -0.3351389 1.0000000 0.0000000 0.0000000 0.0000000
0.9015248 -0.9959594 -0.3339639 1.0000000 0.0000000 0.0000000 0.0000000
0.9023326 -0.9946375 -0.3327889 1.0000000 0.0000000 0.0000000 0.0000000
0.9031405 -0.9933156 -0.3316139 1.0000000 0.0000000 0.0000000 0.0000000
0.9039483 -0.9919937 -0.3304389 1.0000000 0.0000000 0.0000000 0.0000000
0.9047561 -0.9906718 -0.3292638 1.0000000 0.0000000 0.0000000 0.0000000
0.9055639 -0.9893499 -0.3280888 1.0000000 0.0000000 0.0000000 0.0000000
0.9059614 -0.9877209 -0.3268708 1.0000000 0.0000000 0.0000000 0.0000000
0.9061553 -0.9859396 -0.3256315 1.0000000 0.0000000 0.0000000 0.0000000
0.9063492 -0.9841582 -0.3243922 1.0000000 0.0000000 0.0000000 0.0000000
0.9065431 -0.9823769 -0.3231529 1.0000000 0.0000000 0.0000000 0.0000000
0.9067369 -0.9805955 -0.3219136 1.0000000 0.0000000 0.0000000 0.0000000
0.9069308 -0.9788141 -0.3206743 1.0000000 0.0000000 0.0000000 0.0000000
0.9070000 -0.9769394 -0.3194219 1.0000000 0.0000000 0.0000000 0.0000000
0.9070000 -0.9750130 -0.3181623 1.0000000 0.0000000 0.0000000 0.0000000
0.9070000 -0.9730865 -0.3169027 1.0000000 0.0000000 0.0000000 0.0000000
0.9070000 -0.9711601 -0.3156431 1.0000000 0.0000000 0.0000000 0.0000000
0.9070000 -0.9692336 -0.3143835 1.0000000 0.0000000 0.0000000 0.0000000
0.9070000 -0.9673072 -0.3131239 1.0000000 0.0000000 0.0000000 0.0000000
0.9067597 -0.9651589 -0.3118607 1.0000000 0.0000000 0.0000000 0.0000000
0.9063709 -0.9628735 -0.3105952 1.0000000 0.0000000 0.0000000 0.0000000
0.9059822 -0.9605881 -0.3093296 1.0000000 0.0000000 0.0000000 0.0000000
0.9055934 -0.9583028 -0.3080641 1.0000000 0.0000000 0.0000000 0.0000000
0.9052047 -0.9560174 -0.3067986 1.0000000 0.0000000 0.0000000 0.0000000
0.9048159 -0.9537320 -0.3055331 1.0000000 0.0000000 0.0000000 0.0000000
0.9042143 -0.9512502 -0.3042644 1.0000000 0.0000000 0.0000000 0.0000000
0.9034667 -0.9486335 -0.3029934 1.0000000 0.0000000 0.0000000 0.0000000
0.9027191 -0.9460169 -0.3017225 1.0000000 0.0000000 0.0000000 0.0000000
0.9019715 -0.9434002 -0.3004515 1.0000000 0.0000000 0.0000000 0.0000000
0.9012239 -0.9407835 -0.2991806 1.0000000 0.0000000 0.0000000 0.0000000
0.9004762 -0.9381669 -0.2979096 1.0000000 0.0000000 0.0000000 0.0000000
0.8996035 -0.9354784 -0.2965522 1.0000000 0.0000000 0.0000000 0.0000000
0.8986356 -0.9327354 -0.2951291 1.0000000 0.0000000 0.0000000 0.0000000
0.8976677 -0.9299924 -0.2937059 1.0000000 0.0000000 0.0000000 0.0000000
0.8966998 -0.9272493 -0.2922828 1.0000000 0.0000000 0.0000000 0.0000000
0.8957319 -0.9245063 -0.2908596 1.0000000 0.0000000 0.0000000 0.0000000
0.8947640 -0.9217633 -0.2894365 1.0000000 0.0000000 0.0000000 0.0000000
0.8935172 -0.9188602 -0.2878206 1.0000000 0.0000000 0.0000000 0.0000000
0.8920353 -0.9158224 -0.2860424 1.0000000 0.0000000 0.0000000 0.0000000
0.8905534 -0.9127845 -0.2842641 1.0000000 0.0000000 0.0000000 0.0000000
0.8890715 -0.9097466 -0.2824858 1.0000000 0.0000000 0.0000000 0.0000000
0.8875896 -0.9067087 -0.2807076 1.0000000 0.0000000 0.0000000 0.0000000
0.8861077 -0.9036709 -0.2789293 1.0000000 0.0000000 0.0000000 0.0000000
0.8846305 -0.9006284 -0.2771832 1.0000000 0.0000000 0.0000000 0.0000000
0.8831575 -0.8975816 -0.2754672 1.0000000 0.0000000 0.0000000 0.0000000
0.8816845 -0.8945349 -0.2737512 1.0000000 0.0000000 0.0000000 0.0000000
0.8802115 -0.8914881 -0.2720351 1.0000000 0.0000000 0.0000000 0.0000000
0.8787385 -0.8884413 -0.2703191 1.0000000 0.0000000 0.0000000 0.0000000
0.8772655 -0.8853946 -0.2686031 1.0000000 0.0000000 0.0000000 0.0000000
0.8758611 -0.8822792 -0.2673673 1.0000000 0.0000000 0.0000000 0.0000000
0.8745274 -0.8790931 -0.2666263 1.0000000 0.0000000 0.0000000 0.0000000
0.8731937 -0.8759071 -0.2658854 1.0000000 0.0000000 0.0000000 0.0000000
0.8718600 -0.8727210 -0.2651444 1.0000000 0.0000000 0.0000000 0.0000000
0.8705263 -0.8695349 -0.2644035 1.0000000 0.0000000 0.0000000 0.0000000
0.8691926 -0.8663489 -0.2636625 1.0000000 0.0000000 0.0000000 0.0000000
0.8678589 -0.8631628 -0.2629216 1.0000000 0.0000000 0.0000000 0.0000000
0.8665252 -0.8599768 -0.2621806 1.0000000 0.0000000 0.0000000 0.0000000
0.8651915 -0.8567907 -0.2614397 1.0000000 0.0000000 0.0000000 0.0000000
0.8638578 -0.8536046 -0.2606988 1.0000000 0.0000000 0.0000000 0.0000000
0.8625241 -0.8504186 -0.2599578 1.0000000 0.0000000 0.0000000 0.0000000
0.8611904 -0.8472325 -0.2592169 1.0000000 0.0000000 0.0000000 0.0000000
0.8597544 -0.8438170 -0.2583718 1.0000000 0.0000000 0.0000000 0.0000000
0.8581895 -0.8401121 -0.2573953 1.0000000 0.0000000 0.0000000 0.0000000
0.8566246 -0.8364072 -0.2564189 1.0000000 0.0000000 0.0000000 0.0000000
0.8550597 -0.8327022 -0.2554424 1.0000000 0.0000000 0.0000000 0.0000000
0.8534948 -0.8289973 -0.2544660 1.0000000 0.0000000 0.0000000 0.0000000
0.8519299 -0.8252924 -0.2534895 1.0000000 0.0000000 0.0000000 0.0000000
0.8503438 -0.8215400 -0.2524915 1.0000000 0.0000000 0.0000000 0.0000000
0.8487282 -0.8177212 -0.2514634 1.0000000 0.0000000 0.0000000 0.0000000
0.8471125 -0.8139023 -0.2504352 1.0000000 0.0000000 0.0000000 0.0000000
0.8454969 -0.8100835 -0.2494071 1.0000000 0.0000000 0.0000000 0.0000000
0.8438812 -0.8062647 -0.2483790 1.0000000 0.0000000 0.0000000 0.0000000
0.8422656 -0.8024459 -0.2473508 1.0000000 0.0000000 0.0000000 0.0000000
0.8406467 -0.7985057 -0.2464996 1.0000000 0.0000000 0.0000000 0.0000000
0.8390230 -0.7943774 -0.2459227 1.0000000 0.0000000 0.0000000 0.0000000
0.8373993 -0.7902490 -0.2453458 1.0000000 0.0000000 0.0000000 0.0000000
0.8357756 -0.7861207 -0.2447690 1.0000000 0.0000000 0.0000000 0.0000000
0.8341518 -0.7819923 -0.2441921 1.0000000 0.0000000 0.0000000 0.0000000
0.8325281 -0.7778639 -0.2436152 1.0000000 0.0000000 0.0000000 0.0000000
0.8309020 -0.7736464 -0.2431685 1.0000000 0.0000000 0.0000000 0.0000000
0.8292720 -0.7692748 -0.2429462 1.0000000 0.0000000 0.0000000 0.0000000
0.8276419 -0.7649032 -0.2427239 1.0000000 0.0000000 0.0000000 0.0000000
0.8260118 -0.7605316 -0.2425016 1.0000000 0.0000000 0.0000000 0.0000000
0.8243817 -0.7561601 -0.2422793 1.0000000 0.0000000 0.0000000 0.0000000
0.8227516 -0.7517885 -0.2420570 1.0000000 0.0000000 0.0000000 0.0000000
0.8210873 -0.7473390 -0.2417528 1.0000000 0.0000000 0.0000000 0.0000000
0.8193568 -0.7427395 -0.2412906 1.0000000 0.0000000 0.0000000 0.0000000
0.8176263 -0.7381400 -0.2408285 1.0000000 0.0000000 0.0000000 0.0000000
0.8158958 -0.7335406 -0.2403663 1.0000000 0.0000000 0.0000000 0.0000000
0.8141654 -0.7289411 -0.2399041 1.0000000 0.0000000 0.0000000 0.0000000
0.8124349 -0.7243416 -0.2394420 1.0000000 0.0000000 0.0000000 0.0000000
0.8106369 -0.7195887 -0.2388184 1.0000000 0.0000000 0.0000000 0.0000000
0.8086931 -0.7145049 -0.2378465 1.0000000 0.0000000 0.0000000 0.0000000
0.8067493 -0.7094211 -0.2368746 1.0000000 0.0000000 0.0000000 0.0000000
0.8048054 -0.7043373 -0.2359027 1.0000000 0.0000000 0.0000000 0.0000000
0.8028616 -0.6992535 -0.2349308 1.0000000 0.0000000 0.0000000 0.0000000
0.8009178 -0.6941697 -0.2339589 1.0000000 0.0000000 0.0000000 0.0000000
0.7991099 -0.6892019 -0.2328355 1.0000000 0.0000000 0.0000000 0.0000000
0.7976321 -0.6845163 -0.2313439 1.0000000 0.0000000 0.0000000 0.0000000
0.7961544 -0.6798307 -0.2298523 1.0000000 0.0000000 0.0000000 0.0000000
0.7946767 -0.6751451 -0.2283607 1.0000000 0.0000000 0.0000000 0.0000000
0.7931990 -0.6704595 -0.2268691 1.0000000 0.0000000 0.0000000 0.0000000
0.7917213 -0.6657740 -0.2253775 1.0000000 0.0000000 0.0000000 0.0000000
0.7913609 -0.6620429 -0.2226402 1.0000000 0.0000000 0.0000000 0.0000000
0.7940781 -0.6609413 -0.2164714 1.0000000 0.0000000 0.0000000 0.0000000
0.7967953 -0.6598397 -0.2103025 1.0000000 0.0000000 0.0000000 0.0000000
0.7995126 -0.6587382 -0.2041337 1.0000000 0.0000000 0.0000000 0.0000000
0.8022298 -0.6576366 -0.1979648 1.0000000 0.0000000 0.0000000 0.0000000
0.8049470 -0.6565350 -0.1917959 1.0000000 0.0000000 0.0000000 0.0000000
0.8076643 -0.6554334 -0.1856271 1.0000000 0.0000000 0.0000000 0.0000000
0.8103815 -0.6543318 -0.1794582 1.0000000 0.0000000 0.0000000 0.0000000
0.8130987 -0.6532302 -0.1732894 1.0000000 0.0000000 0.0000000 0.0000000
0.8158160 -0.6521287 -0.1671205 1.0000000 0.0000000 0.0000000 0.0000000
0.8185332 -0.6510271 -0.1609516 1.0000000 0.0000000 0.0000000 0.0000000
0.8212504 -0.6499255 -0.1547828 1.0000000 0.0000000 0.0000000 0.0000000
0.8237187 -0.6487118 -0.1483495 1.0000000 0.0000000 0.0000000 0.0000000
0.8252839 -0.6470911 -0.1409569 1.0000000 0.0000000 0.0000000 0.0000000
0.8268490 -0.6454704 -0.1335643 1.0000000 0.0000000 0.0000000 0.0000000
0.8284142 -0.6438498 -0.1261716 1.0000000 0.0000000 0.0000000 0.0000000
0.8299794 -0.6422291 -0.1187790 1.0000000 0.0000000 0.0000000 0.0000000
0.8315445 -0.6406085 -0.1113864 1.0000000 0.0000000 0.0000000 0.0000000
0.8330678 -0.6389689 -0.1039492 1.0000000 0.0000000 0.0000000 0.0000000
0.8344135 -0.6372494 -0.0963235 1.0000000 0.0000000 0.0000000 0.0000000
0.8357592 -0.6355299 -0.0886978 1.0000000 0.0000000 0.0000000 0.0000000
0.8371049 -0.6338104 -0.0810721 1.0000000 0.0000000 0.0000000 0.0000000
0.8384506 -0.6320908 -0.0734463 1.0000000 0.0000000 0.0000000 0.0000000
0.8397964 -0.6303713 -0.0658206 1.0000000 0.0000000 0.0000000 0.0000000
0.8410037 -0.6285039 -0.0583749 1.0000000 0.0000000 0.0000000 0.0000000
0.8415151 -0.6258926 -0.0518345 1.0000000 0.0000000 0.0000000 0.0000000
0.8420265 -0.6232813 -0.0452942 1.0000000 0.0000000 0.0000000 0.0000000
0.8425378 -0.6206700 -0.0387539 1.0000000 0.0000000 0.0000000 0.0000000
0.8430492 -0.6180587 -0.0322135 1.0000000 0.0000000 0.0000000 0.0000000
0.8435606 -0.6154474 -0.0256732 1.0000000 0.0000000 0.0000000 0.0000000
0.8440000 -0.6127592 -0.0192264 1.0000000 0.0000000 0.0000000 0.0000000
0.8440000 -0.6096013 -0.0133513 1.0000000 0.0000000 0.0000000 0.0000000
0.8440000 -0.6064435 -0.0074762 1.0000000 0.0000000 0.0000000 0.0000000
0.8440000 -0.6032856 -0.0016011 1.0000000 0.0000000 0.0000000 0.0000000
0.8440000 -0.6001277 0.0042740 1.0000000 0.0000000 0.0000000 0.0000000
0.8440000 -0.5969699 0.0101491 1.0000000 0.0000000 0.0000000 0.0000000
0.8439751 -0.5937754 0.0158855 1.0000000 0.0000000 0.0000000 0.0000000
0.8437598 -0.5903010 0.0205606 1.0000000 0.0000000 0.0000000 0.0000000
0.8435445 -0.5868266 0.0252358 1.0000000 0.0000000 0.0000000 0.0000000
0.8433292 -0.5833522 0.0299109 1.0000000 0.0000000 0.0000000 0.0000000
0.8431139 -0.5798778 0.0345861 1.0000000 0.0000000 0.0000000 0.0000000
0.8428985 -0.5764034 0.0392612 1.0000000 0.0000000 0.0000000 0.0000000
0.8426486 -0.5728781 0.0437434 1.0000000 0.0000000 0.0000000 0.0000000
0.8420505 -0.5688409 0.0462853 1.0000000 0.0000000 0.0000000 0.0000000
0.8414524 -0.5648038 0.0488273 1.0000000 0.0000000 0.0000000 0.0000000
0.8408543 -0.5607666 0.0513692 1.0000000 0.0000000 0.0000000 0.0000000
0.8402562 -0.5567295 0.0539111 1.0000000 0.0000000 0.0000000 0.0000000
0.8396581 -0.5526923 0.0564530 1.0000000 0.0000000 0.0000000 0.0000000
0.8390581 -0.5486518 0.0589642 1.0000000 0.0000000 0.0000000 0.0000000
0.8384307 -0.5445630 0.0610372 1.0000000 0.0000000 0.0000000 0.0000000
0.8378032 -0.5404741 0.0631101 1.0000000 0.0000000 0.0000000 0.0000000
0.8371757 -0.5363853 0.0651831 1.0000000 0.0000000 0.0000000 0.0000000
0.8365483 -0.5322965 0.0672560 1.0000000 0.0000000 0.0000000 0.0000000
0.8359208 -0.5282076 0.0693290 1.0000000 0.0000000 0.0000000 0.0000000
0.8352861 -0.5241060 0.0712861 1.0000000 0.0000000 0.0000000 0.0000000
0.8344783 -0.5196997 0.0704783 1.0000000 0.0000000 0.0000000 0.0000000
0.8336705 -0.5152934 0.0696705 1.0000000 0.0000000 0.0000000 0.0000000
0.8328626 -0.5108871 0.0688626 1.0000000 0.0000000 0.0000000 0.0000000
0.8320548 -0.5064807 0.0680548 1.0000000 0.0000000 0.0000000 0.0000000
0.8312470 -0.5020744 0.0672470 1.0000000 0.0000000 0.0000000 0.0000000
0.8304391 -0.4976681 0.0664391 1.0000000 0.0000000 0.0000000 0.0000000
0.8296313 -0.4932618 0.0656313 1.0000000 0.0000000 0.0000000 0.0000000
0.8288235 -0.4888554 0.0648235 1.0000000 0.0000000 0.0000000 0.0000000
0.8280157 -0.4844491 0.0640157 1.0000000 0.0000000 0.0000000 0.0000000
0.8272078 -0.4800428 0.0632078 1.0000000 0.0000000 0.0000000 0.0000000
0.8264000 -0.4756365 0.0624000 1.0000000 0.0000000 0.0000000 0.0000000
0.8255922 -0.4712301 0.0615922 1.0000000 0.0000000 0.0000000 0.0000000
0.8231644 -0.4642076 0.0593580 1.0000000 0.0000000 0.0000000 0.0000000
0.8207201 -0.4571585 0.0571094 1.0000000 0.0000000 0.0000000 0.0000000
0.8182759 -0.4501095 0.0548607 1.0000000 0.0000000 0.0000000 0.0000000
0.8158316 -0.4430604 0.0526121 1.0000000 0.0000000 0.0000000 0.0000000
0.8133874 -0.4360113 0.0503635 1.0000000 0.0000000 0.0000000 0.0000000
0.8109431 -0.4289622 0.0481148 1.0000000 0.0000000 0.0000000 0.0000000
0.8082836 -0.4215655 0.0456766 1.0000000 0.0000000 0.0000000 0.0000000
0.8056162 -0.4141560 0.0432315 1.0000000 0.0000000 0.0000000 0.0000000
0.8029488 -0.4067466 0.0407864 1.0000000 0.0000000 0.0000000 0.0000000
0.8002814 -0.3993371 0.0383413 1.0000000 0.0000000 0.0000000 0.0000000
0.7976140 -0.3919277 0.0358961 1.0000000 0.0000000 0.0000000 0.0000000
0.7949466 -0.3845182 0.0334510 1.0000000 0.0000000 0.0000000 0.0000000
0.7923546 -0.3772035 0.0302283 1.0000000 0.0000000 0.0000000 0.0000000
0.7897675 -0.3698949 0.0269557 1.0000000 0.0000000 0.0000000 0.0000000
0.7871805 -0.3625863 0.0236830 1.0000000 0.0000000 0.0000000 0.0000000
0.7845934 -0.3552776 0.0204104 1.0000000 0.0000000 0.0000000 0.0000000
0.7820063 -0.3479690 0.0171378 1.0000000 0.0000000 0.0000000 0.0000000
0.7794192 -0.3406604 0.0138652 1.0000000 0.0000000 0.0000000 0.0000000
0.7768734 -0.3334036 0.0101668 1.0000000 0.0000000 0.0000000 0.0000000
0.7743315 -0.3261517 0.0064287 1.0000000 0.0000000 0.0000000 0.0000000
0.7717896 -0.3188998 0.0026906 1.0000000 0.0000000 0.0000000 0.0000000
0.7692477 -0.3116479 -0.0010475 1.0000000 0.0000000 0.0000000 0.0000000
0.7667058 -0.3043960 -0.0047856 1.0000000 0.0000000 0.0000000 0.0000000
0.7641639 -0.2971441 -0.0085237 1.0000000 0.0000000 0.0000000 0.0000000
0.7622698 -0.2904065 -0.0114689 1.0000000 0.0000000 0.0000000 0.0000000
0.7604562 -0.2837328 -0.0143156 1.0000000 0.0000000 0.0000000 0.0000000
0.7586426 -0.2770592 -0.0171622 1.0000000 0.0000000 0.0000000 0.0000000
0.7568290 -0.2703855 -0.0200089 1.0000000 0.0000000 0.0000000 0.0000000
0.7550154 -0.2637119 -0.0228556 1.0000000 0.0000000 0.0000000 0.0000000
0.7532018 -0.2570382 -0.0257023 1.0000000 0.0000000 0.0000000 0.0000000
0.7522575 -0.2510548 -0.0274849 1.0000000 0.0000000 0.0000000 0.0000000
0.7514497 -0.2451797 -0.0291006 1.0000000 0.0000000 0.0000000 0.0000000
0.7506419 -0.2393046 -0.0307162 1.0000000 0.0000000 0.0000000 0.0000000
0.7498341 -0.2334295 -0.0323319 1.0000000 0.0000000 0.0000000 0.0000000
0.7490262 -0.2275544 -0.0339476 1.0000000 0.0000000 0.0000000 0.0000000
0.7482184 -0.2216793 -0.0355632 1.0000000 0.0000000 0.0000000 0.0000000
0.7474789 -0.2159104 -0.0371527 1.0000000 0.0000000 0.0000000 0.0000000
0.7467525 -0.2101619 -0.0387371 1.0000000 0.0000000 0.0000000 0.0000000
0.7460260 -0.2044134 -0.0403215 1.0000000 0.0000000 0.0000000 0.0000000
0.7452996 -0.1986649 -0.0419059 1.0000000 0.0000000 0.0000000 0.0000000
0.7445732 -0.1929164 -0.0434904 1.0000000 0.0000000 0.0000000 0.0000000
0.7438468 -0.1871679 -0.0450748 1.0000000 0.0000000 0.0000000 0.0000000
0.7434683 -0.1819605 -0.0465257 1.0000000 0.0000000 0.0000000 0.0000000
0.7431692 -0.1768767 -0.0479462 1.0000000 0.0000000 0.0000000 0.0000000
0.7428702 -0.1717929 -0.0493667 1.0000000 0.0000000 0.0000000 0.0000000
0.7425711 -0.1667091 -0.0507872 1.0000000 0.0000000 0.0000000 0.0000000
0.7422721 -0.1616253 -0.0522077 1.0000000 0.0000000 0.0000000 0.0000000
0.7419730 -0.1565414 -0.0536281 1.0000000 0.0000000 0.0000000 0.0000000
0.7416740 -0.1514576 -0.0550486 1.0000000 0.0000000 0.0000000 0.0000000
0.7413749 -0.1463738 -0.0564691 1.0000000 0.0000000 0.0000000 0.0000000
0.7410759 -0.1412900 -0.0578896 1.0000000 0.0000000 0.0000000 0.0000000
0.7407768 -0.1362062 -0.0593100 1.0000000 0.0000000 0.0000000 0.0000000
0.7404778 -0.1311224 -0.0607305 1.0000000 0.0000000 0.0000000 0.0000000
0.7401787 -0.1260385 -0.0621510 1.0000000 0.0000000 0.0000000 0.0000000
0.7404668 -0.1217321 -0.0629772 1.0000000 0.0000000 0.0000000 0.0000000
0.7409364 -0.1176660 -0.0636196 1.0000000 0.0000000 0.0000000 0.0000000
0.7414060 -0.1136000 -0.0642620 1.0000000 0.0000000 0.0000000 0.0000000
0.7418756 -0.1095339 -0.0649044 1.0000000 0.0000000 0.0000000 0.0000000
0.7423452 -0.1054678 -0.0655469 1.0000000 0.0000000 0.0000000 0.0000000
0.7428148 -0.1014018 -0.0661893 1.0000000 0.0000000 0.0000000 0.0000000
0.7433206 -0.0973837 -0.0667950 1.0000000 0.0000000 0.0000000 0.0000000
0.7438393 -0.0933826 -0.0673878 1.0000000 0.0000000 0.0000000 0.0000000
0.7443580 -0.0893815 -0.0679805 1.0000000 0.0000000 0.0000000 0.0000000
0.7448766 -0.0853804 -0.0685733 1.0000000 0.0000000 0.0000000 0.0000000
0.7453953 -0.0813793 -0.0691660 1.0000000 0.0000000 0.0000000 0.0000000
0.7459139 -0.0773782 -0.0697588 1.0000000 0.0000000 0.0000000 0.0000000
0.7456967 -0.0732480 -0.0705323 1.0000000 0.0000000 0.0000000 0.0000000
0.7451840 -0.0690661 -0.0713785 1.0000000 0.0000000 0.0000000 0.0000000
0.7446713 -0.0648842 -0.0722246 1.0000000 0.0000000 0.0000000 0.0000000
0.7441586 -0.0607022 -0.0730707 1.0000000 0.0000000 0.0000000 0.0000000
0.7436459 -0.0565203 -0.0739168 1.0000000 0.0000000 0.0000000 0.0000000
0.7431332 -0.0523383 -0.0747629 1.0000000 0.0000000 0.0000000 0.0000000
0.7423162 -0.0481030 -0.0756838 1.0000000 0.0000000 0.0000000 0.0000000
0.7413615 -0.0438436 -0.0766385 1.0000000 0.0000000 0.0000000 0.0000000
0.7404068 -0.0395841 -0.0775932 1.0000000 0.0000000 0.0000000 0.0000000
0.7394521 -0.0353247 -0.0785479 1.0000000 0.0000000 0.0000000 0.0000000
0.7384974 -0.0310652 -0.0795026 1.0000000 0.0000000 0.0000000 0.0000000
0.7375427 -0.0268058 -0.0804573 1.0000000 0.0000000 0.0000000 0.0000000
0.7366504 -0.0223622 -0.0815226 1.0000000 0.0000000 0.0000000 0.0000000
0.7357897 -0.0178252 -0.0826441 1.0000000 0.0000000 0.0000000 0.0000000
0.7349291 -0.0132882 -0.0837656 1.0000000 0.0000000 0.0000000 0.0000000
0.7340684 -0.0087512 -0.0848870 1.0000000 0.0000000 0.0000000 0.0000000
0.7332078 -0.0042142 -0.0860085 1.0000000 0.0000000 0.0000000 0.0000000
0.7323471 0.0003228 -0.0871300 1.0000000 0.0000000 0.0000000 0.0000000
0.7315628 0.0050852 -0.0883869 1.0000000 0.0000000 0.0000000 0.0000000
0.7308219 0.0099754 -0.0897206 1.0000000 0.0000000 0.0000000 0.0000000
0.7300810 0.0148657 -0.0910543 1.0000000 0.0000000 0.0000000 0.0000000
0.7293400 0.0197559 -0.0923880 1.0000000 0.0000000 0.0000000 0.0000000
0.7285991 0.0246461 -0.0937217 1.0000000 0.0000000 0.0000000 0.0000000
0.7278581 0.0295364 -0.0950554 1.0000000 0.0000000 0.0000000 0.0000000
0.7268719 0.0345356 -0.0967161 1.0000000 0.0000000 0.0000000 0.0000000
0.7257308 0.0396037 -0.0985833 1.0000000 0.0000000 0.0000000 0.0000000
0.7245898 0.0446718 -0.1004505 1.0000000 0.0000000 0.0000000 0.0000000
0.7234487 0.0497398 -0.1023177 1.0000000 0.0000000 0.0000000 0.0000000
0.7223077 0.0548079 -0.1041849 1.0000000 0.0000000 0.0000000 0.0000000
0.7211666 0.0598759 -0.1060520 1.0000000 0.0000000 0.0000000 0.0000000
0.7190846 0.0653622 -0.1091738 1.0000000 0.0000000 0.0000000 0.0000000
0.7163431 0.0711416 -0.1131749 1.0000000 0.0000000 0.0000000 0.0000000
0.7136016 0.0769209 -0.1171760 1.0000000 0.0000000 0.0000000 0.0000000
0.7108601 0.0827003 -0.1211771 1.0000000 0.0000000 0.0000000 0.0000000
0.7081186 0.0884797 -0.1251782 1.0000000 0.0000000 0.0000000 0.0000000
0.7053771 0.0942591 -0.1291793 1.0000000 0.0000000 0.0000000 0.0000000
0.7026356 0.1000384 -0.1331804 1.0000000 0.0000000 0.0000000 0.0000000
0.6998941 0.1058178 -0.1371816 1.0000000 0.0000000 0.0000000 0.0000000
0.6971526 0.1115972 -0.1411827 1.0000000 0.0000000 0.0000000 0.0000000
0.6944111 0.1173765 -0.1451838 1.0000000 0.0000000 0.0000000 0.0000000
0.6916696 0.1231559 -0.1491849 1.0000000 0.0000000 0.0000000 0.0000000
0.6889281 0.1289353 -0.1531860 1.0000000 0.0000000 0.0000000 0.0000000
0.6856130 0.1352501 -0.1574165 1.0000000 0.0000000 0.0000000 0.0000000
0.6818045 0.1420253 -0.1618444 1.0000000 0.0000000 0.0000000 0.0000000
0.6779960 0.1488005 -0.1662723 1.0000000 0.0000000 0.0000000 0.0000000
0.6741876 0.1555757 -0.1707002 1.0000000 0.0000000 0.0000000 0.0000000
0.6703791 0.1623509 -0.1751281 1.0000000 0.0000000 0.0000000 0.0000000
0.6665707 0.1691261 -0.1795560 1.0000000 0.0000000 0.0000000 0.0000000
0.6627394 0.1759226 -0.1839930 1.0000000 0.0000000 0.0000000 0.0000000
0.6588865 0.1827392 -0.1884386 1.0000000 0.0000000 0.0000000 0.0000000
0.6550336 0.1895559 -0.1928843 1.0000000 0.0000000 0.0000000 0.0000000
0.6511807 0.1963726 -0.1973300 1.0000000 0.0000000 0.0000000 0.0000000
0.6473278 0.2031893 -0.2017756 1.0000000 0.0000000 0.0000000 0.0000000
0.6434749 0.2100060 -0.2062213 1.0000000 0.0000000 0.0000000 0.0000000
0.6387638 0.2166667 -0.2112391 1.0000000 0.0000000 0.0000000 0.0000000
0.6331504 0.2231633 -0.2168584 1.0000000 0.0000000 0.0000000 0.0000000
0.6275370 0.2296599 -0.2224777 1.0000000 0.0000000 0.0000000 0.0000000
0.6219236 0.2361565 -0.2280970 1.0000000 0.0000000 0.0000000 0.0000000
0.6163102 0.2426531 -0.2337164 1.0000000 0.0000000 0.0000000 0.0000000
0.6106968 0.2491497 -0.2393357 1.0000000 0.0000000 0.0000000 0.0000000
0.6047669 0.2555888 -0.2451660 1.0000000 0.0000000 0.0000000 0.0000000
0.5984689 0.2619609 -0.2512418 1.0000000 0.0000000 0.0000000 0.0000000
0.5921709 0.2683330 -0.2573175 1.0000000 0.0000000 0.0000000 0.0000000
0.5858728 0.2747051 -0.2633933 1.0000000 0.0000000 0.0000000 0.0000000
0.5795748 0.2810773 -0.2694690 1.0000000 0.0000000 0.0000000 0.0000000
0.5732768 0.2874494 -0.2755448 1.0000000 0.0000000 0.0000000 0.0000000
0.5669165 0.2937904 -0.2813873 1.0000000 0.0000000 0.0000000 0.0000000
0.5604762 0.3000914 -0.2869296 1.0000000 0.0000000 0.0000000 0.0000000
0.5540360 0.3063924 -0.2924718 1.0000000 0.0000000 0.0000000 0.0000000
0.5475957 0.3126934 -0.2980141 1.0000000 0.0000000 0.0000000 0.0000000
0.5411554 0.3189944 -0.3035564 1.0000000 0.0000000 0.0000000 0.0000000
0.5347151 0.3252954 -0.3090986 1.0000000 0.0000000 0.0000000 0.0000000
0.5282113 0.3315646 -0.3144027 1.0000000 0.0000000 0.0000000 0.0000000
0.5216169 0.3377886 -0.3193671 1.0000000 0.0000000 0.0000000 0.0000000
0.5150225 0.3440125 -0.3243314 1.0000000 0.0000000 0.0000000 0.0000000
0.5084281 0.3502364 -0.3292957 1.0000000 0.0000000 0.0000000 0.0000000
0.5018336 0.3564604 -0.3342601 1.0000000 0.0000000 0.0000000 0.0000000
0.4952392 0.3626843 -0.3392244 1.0000000 0.0000000 0.0000000 0.0000000
0.4887412 0.3688394 -0.3438791 1.0000000 0.0000000 0.0000000 0.0000000
0.4823957 0.3748856 -0.3480432 1.0000000 0.0000000 0.0000000 0.0000000
0.4760503 0.3809317 -0.3522073 1.0000000 0.0000000 0.0000000 0.0000000
0.4697048 0.3869778 -0.3563714 1.0000000 0.0000000 0.0000000 0.0000000
0.4633593 0.3930239 -0.3605355 1.0000000 0.0000000 0.0000000 0.0000000
0.4570139 0.3990700 -0.3646996 1.0000000 0.0000000 0.0000000 0.0000000
0.4509537 0.4049124 -0.3679469 1.0000000 0.0000000 0.0000000 0.0000000
0.4453966 0.4103954 -0.3695770 1.0000000 0.0000000 0.0000000 0.0000000
0.4398395 0.4158784 -0.3712071 1.0000000 0.0000000 0.0000000 0.0000000
0.4342824 0.4213613 -0.3728372 1.0000000 0.0000000 0.0000000 0.0000000
0.4287253 0.4268443 -0.3744672 1.0000000 0.0000000 0.0000000 0.0000000
0.4231683 0.4323273 -0.3760973 1.0000000 0.0000000 0.0000000 0.0000000
0.4176112 0.4378103 -0.3777274 1.0000000 0.0000000 0.0000000 0.0000000
0.4120541 0.4432933 -0.3793575 1.0000000 0.0000000 0.0000000 0.0000000
0.4064970 0.4487763 -0.3809875 1.0000000 0.0000000 0.0000000 0.0000000
0.4009399 0.4542593 -0.3826176 1.0000000 0.0000000 0.0000000 0.0000000
0.3953828 0.4597423 -0.3842477 1.0000000 0.0000000 0.0000000 0.0000000
0.3898257 0.4652253 -0.3858778 1.0000000 0.0000000 0.0000000 0.0000000
0.3844712 0.4706187 -0.3878993 1.0000000 0.0000000 0.0000000 0.0000000
0.3795642 0.4758144 -0.3907858 1.0000000 0.0000000 0.0000000 0.0000000
0.3746572 0.4810100 -0.3936722 1.0000000 0.0000000 0.0000000 0.0000000
0.3697502 0.4862056 -0.3965587 1.0000000 0.0000000 0.0000000 0.0000000
0.3648432 0.4914013 -0.3994452 1.0000000 0.0000000 0.0000000 0.0000000
0.3599363 0.4965969 -0.4023316 1.0000000 0.0000000 0.0000000 0.0000000
0.3550293 0.5017925 -0.4052181 1.0000000 0.0000000 0.0000000 0.0000000
0.3501223 0.5069882 -0.4081045 1.0000000 0.0000000 0.0000000 0.0000000
0.3452153 0.5121838 -0.4109910 1.0000000 0.0000000 0.0000000 0.0000000
0.3403083 0.5173794 -0.4138775 1.0000000 0.0000000 0.0000000 0.0000000
0.3354013 0.5225751 -0.4167639 1.0000000 0.0000000 0.0000000 0.0000000
0.3304943 0.5277707 -0.4196504 1.0000000 0.0000000 0.0000000 0.0000000
0.3258243 0.5332669 -0.4224446 1.0000000 0.0000000 0.0000000 0.0000000
0.3218242 0.5396126 -0.4249779 1.0000000 0.0000000 0.0000000 0.0000000
0.3178241 0.5459584 -0.4275113 1.0000000 0.0000000 0.0000000 0.0000000
0.3138240 0.5523041 -0.4300446 1.0000000 0.0000000 0.0000000 0.0000000
0.3098240 0.5586499 -0.4325779 1.0000000 0.0000000 0.0000000 0.0000000
0.3058239 0.5649956 -0.4351113 1.0000000 0.0000000 0.0000000 0.0000000
0.3019156 0.5714578 -0.4376089 1.0000000 0.0000000 0.0000000 0.0000000
0.2983042 0.5782964 -0.4399909 1.0000000 0.0000000 0.0000000 0.0000000
0.2946927 0.5851350 -0.4423729 1.0000000 0.0000000 0.0000000 0.0000000
0.2910813 0.5919737 -0.4447549 1.0000000 0.0000000 0.0000000 0.0000000
0.2874699 0.5988123 -0.4471369 1.0000000 0.0000000 0.0000000 0.0000000
0.2838585 0.6056510 -0.4495189 1.0000000 0.0000000 0.0000000 0.0000000
0.2802617 0.6123436 -0.4518236 1.0000000 0.0000000 0.0000000 0.0000000
0.2767200 0.6184902 -0.4538396 1.0000000 0.0000000 0.0000000 0.0000000
0.2731782 0.6246368 -0.4558556 1.0000000 0.0000000 0.0000000 0.0000000
0.2696364 0.6307834 -0.4578716 1.0000000 0.0000000 0.0000000 0.0000000
0.2660947 0.6369300 -0.4598875 1.0000000 0.0000000 0.0000000 0.0000000
0.2625529 0.6430766 -0.4619035 1.0000000 0.0000000 0.0000000 0.0000000
0.2590222 0.6491136 -0.4638615 1.0000000 0.0000000 0.0000000 0.0000000
0.2555397 0.6546707 -0.4655657 1.0000000 0.0000000 0.0000000 0.0000000
0.2520573 0.6602278 -0.4672698 1.0000000 0.0000000 0.0000000 0.0000000
0.2485748 0.6657848 -0.4689740 1.0000000 0.0000000 0.0000000 0.0000000
0.2450924 0.6713419 -0.4706782 1.0000000 0.0000000 0.0000000 0.0000000
0.2416100 0.6768990 -0.4723824 1.0000000 0.0000000 0.0000000 0.0000000
0.2381776 0.6824347 -0.4741080 1.0000000 0.0000000 0.0000000 0.0000000
0.2350063 0.6878584 -0.4759455 1.0000000 0.0000000 0.0000000 0.0000000
0.2318351 0.6932821 -0.4777831 1.0000000 0.0000000 0.0000000 0.0000000
0.2286638 0.6987058 -0.4796206 1.0000000 0.0000000 0.0000000 0.0000000
0.2254926 0.7041295 -0.4814582 1.0000000 0.0000000 0.0000000 0.0000000
0.2223213 0.7095532 -0.4832957 1.0000000 0.0000000 0.0000000 0.0000000
0.2192486 0.7149347 -0.4851755 1.0000000 0.0000000 0.0000000 0.0000000
0.2168035 0.7200472 -0.4873242 1.0000000 0.0000000 0.0000000 0.0000000
0.2143584 0.7251598 -0.4894729 1.0000000 0.0000000 0.0000000 0.0000000
0.2119133 0.7302723 -0.4916217 1.0000000 0.0000000 0.0000000 0.0000000
0.2094681 0.7353848 -0.4937704 1.0000000 0.0000000 0.0000000 0.0000000
0.2070230 0.7404973 -0.4959192 1.0000000 0.0000000 0.0000000 0.0000000
0.2045730 0.7456079 -0.4980645 1.0000000 0.0000000 0.0000000 0.0000000
0.2020834 0.7507026 -0.5001821 1.0000000 0.0000000 0.0000000 0.0000000
0.1995938 0.7557974 -0.5022997 1.0000000 0.0000000 0.0000000 0.0000000
0.1971043 0.7608921 -0.5044173 1.0000000 0.0000000 0.0000000 0.0000000
0.1946147 0.7659868 -0.5065349 1.0000000 0.0000000 0.0000000 0.0000000
0.1921251 0.7710816 -0.5086526 1.0000000 0.0000000 0.0000000 0.0000000
0.1895760 0.7761525 -0.5107285 1.0000000 0.0000000 0.0000000 0.0000000
0.1863900 0.7809686 -0.5123586 1.0000000 0.0000000 0.0000000 0.0000000
0.1832039 0.7857848 -0.5139887 1.0000000 0.0000000 0.0000000 0.0000000
0.1800178 0.7906009 -0.5156188 1.0000000 0.0000000 0.0000000 0.0000000
0.1768318 0.7954171 -0.5172489 1.0000000 0.0000000 0.0000000 0.0000000
0.1736457 0.8002332 -0.5188789 1.0000000 0.0000000 0.0000000 0.0000000
0.1704597 0.8050493 -0.5205090 1.0000000 0.0000000 0.0000000 0.0000000
0.1672736 0.8098655 -0.5221391 1.0000000 0.0000000 0.0000000 0.0000000
0.1640875 0.8146816 -0.5237692 1.0000000 0.0000000 0.0000000 0.0000000
0.1609015 0.8194978 -0.5253992 1.0000000 0.0000000 0.0000000 0.0000000
0.1577154 0.8243139 -0.5270293 1.0000000 0.0000000 0.0000000 0.0000000
0.1545293 0.8291301 -0.5286594 1.0000000 0.0000000 0.0000000 0.0000000
0.1513604 0.8338329 -0.5302083 1.0000000 0.0000000 0.0000000 0.0000000
0.1486604 0.8354289 -0.5295296 1.0000000 0.0000000 0.0000000 0.0000000
0.1459604 0.8370249 -0.5288509 1.0000000 0.0000000 0.0000000 0.0000000
0.1432604 0.8386209 -0.5281722 1.0000000 0.0000000 0.0000000 0.0000000
0.1405604 0.8402169 -0.5274934 1.0000000 0.0000000 0.0000000 0.0000000
0.1378604 0.8418129 -0.5268147 1.0000000 0.0000000 0.0000000 0.0000000
0.1351614 0.8434018 -0.5261309 1.0000000 0.0000000 0.0000000 0.0000000
0.1325681 0.8442909 -0.5249454 1.0000000 0.0000000 0.0000000 0.0000000
0.1299748 0.8451801 -0.5237599 1.0000000 0.0000000 0.0000000 0.0000000
0.1273815 0.8460692 -0.5225744 1.0000000 0.0000000 0.0000000 0.0000000
0.1247882 0.8469583 -0.5213889 1.0000000 0.0000000 0.0000000 0.0000000
0.1221949 0.8478475 -0.5202034 1.0000000 0.0000000 0.0000000 0.0000000
0.1196016 0.8487366 -0.5190179 1.0000000 0.0000000 0.0000000 0.0000000
0.1169236 0.8505569 -0.5173668 1.0000000 0.0000000 0.0000000 0.0000000
0.1142444 0.8523915 -0.5157085 1.0000000 0.0000000 0.0000000 0.0000000
0.1115651 0.8542261 -0.5140503 1.0000000 0.0000000 0.0000000 0.0000000
0.1088859 0.8560607 -0.5123921 1.0000000 0.0000000 0.0000000 0.0000000
0.1062066 0.8578952 -0.5107338 1.0000000 0.0000000 0.0000000 0.0000000
0.1035274 0.8597298 -0.5090756 1.0000000 0.0000000 0.0000000 0.0000000
0.1007884 0.8622215 -0.5070888 1.0000000 0.0000000 0.0000000 0.0000000
0.0980469 0.8647407 -0.5050883 1.0000000 0.0000000 0.0000000 0.0000000
0.0953054 0.8672599 -0.5030877 1.0000000 0.0000000 0.0000000 0.0000000
0.0925639 0.8697791 -0.5010871 1.0000000 0.0000000 0.0000000 0.0000000
0.0898224 0.8722984 -0.4990866 1.0000000 0.0000000 0.0000000 0.0000000
0.0870809 0.8748176 -0.4970860 1.0000000 0.0000000 0.0000000 0.0000000
0.0840568 0.8775722 -0.4956035 1.0000000 0.0000000 0.0000000 0.0000000
0.0810130 0.8803434 -0.4941572 1.0000000 0.0000000 0.0000000 0.0000000
0.0779692 0.8831145 -0.4927109 1.0000000 0.0000000 0.0000000 0.0000000
0.0749254 0.8858856 -0.4912645 1.0000000 0.0000000 0.0000000 0.0000000
0.0718816 0.8886568 -0.4898182 1.0000000 0.0000000 0.0000000 0.0000000
0.0688378 0.8914279 -0.4883719 1.0000000 0.0000000 0.0000000 0.0000000
0.0652603 0.8946438 -0.4879041 1.0000000 0.0000000 0.0000000 0.0000000
0.0616296 0.8979040 -0.4875336 1.0000000 0.0000000 0.0000000 0.0000000
0.0579990 0.9011642 -0.4871632 1.0000000 0.0000000 0.0000000 0.0000000
0.0543684 0.9044243 -0.4867927 1.0000000 0.0000000 0.0000000 0.0000000
0.0507378 0.9076845 -0.4864222 1.0000000 0.0000000 0.0000000 0.0000000
0.0471071 0.9109446 -0.4860517 1.0000000 0.0000000 0.0000000 0.0000000
0.0434793 0.9141438 -0.4857075 1.0000000 0.0000000 0.0000000 0.0000000
0.0398519 0.9173350 -0.4853668 1.0000000 0.0000000 0.0000000 0.0000000
0.0362245 0.9205261 -0.4850260 1.0000000 0.0000000 0.0000000 0.0000000
0.0325971 0.9237173 -0.4846852 1.0000000 0.0000000 0.0000000 0.0000000
0.0289697 0.9269085 -0.4843445 1.0000000 0.0000000 0.0000000 0.0000000
0.0253422 0.9300997 -0.4840037 1.0000000 0.0000000 0.0000000 0.0000000
0.0217397 0.9327574 -0.4838926 1.0000000 0.0000000 0.0000000 0.0000000
0.0181412 0.9353277 -0.4838192 1.0000000 0.0000000 0.0000000 0.0000000
0.0145427 0.9378981 -0.4837458 1.0000000 0.0000000 0.0000000 0.0000000
0.0109442 0.9404684 -0.4836723 1.0000000 0.0000000 0.0000000 0.0000000
0.0073457 0.9430388 -0.4835989 1.0000000 0.0000000 0.0000000 0.0000000
0.0037472 0.9456092 -0.4835255 1.0000000 0.0000000 0.0000000 0.0000000
0.0001487 0.9481795 -0.4834520 1.0000000 0.0000000 0.0000000 0.0000000
-0.0034498 0.9507499 -0.4833786 1.0000000 0.0000000 0.0000000 0.0000000
-0.0070483 0.9533202 -0.4833051 1.0000000 0.0000000 0.0000000 0.0000000
-0.0106468 0.9558906 -0.4832317 1.0000000 0.0000000 0.0000000 0.0000000
-0.0142453 0.9584609 -0.4831583 1.0000000 0.0000000 0.0000000 0.0000000
-0.0178438 0.9610313 -0.4830848 1.0000000 0.0000000 0.0000000 0.0000000
-0.0219437 0.9629218 -0.4834678 1.0000000 0.0000000 0.0000000 0.0000000
-0.0261618 0.9646519 -0.4839584 1.0000000 0.0000000 0.0000000 0.0000000
-0.0303800 0.9663819 -0.4844491 1.0000000 0.0000000 0.0000000 0.0000000
-0.0345982 0.9681120 -0.4849397 1.0000000 0.0000000 0.0000000 0.0000000
-0.0388163 0.9698421 -0.4854304 1.0000000 0.0000000 0.0000000 0.0000000
-0.0430345 0.9715721 -0.4859210 1.0000000 0.0000000 0.0000000 0.0000000
-0.0473452 0.9731767 -0.4864959 1.0000000 0.0000000 0.0000000 0.0000000
-0.0516814 0.9747467 -0.4870940 1.0000000 0.0000000 0.0000000 0.0000000
-0.0560176 0.9763167 -0.4876921 1.0000000 0.0000000 0.0000000 0.0000000
-0.0603538 0.9778867 -0.4882902 1.0000000 0.0000000 0.0000000 0.0000000
-0.0646900 0.9794567 -0.4888883 1.0000000 0.0000000 0.0000000 0.0000000
-0.0690262 0.9810267 -0.4894864 1.0000000 0.0000000 0.0000000 0.0000000
-0.0736927 0.9826250 -0.4904305 1.0000000 0.0000000 0.0000000 0.0000000
-0.0784643 0.9842322 -0.4914847 1.0000000 0.0000000 0.0000000 0.0000000
-0.0832359 0.9858395 -0.4925389 1.0000000 0.0000000 0.0000000 0.0000000
-0.0880075 0.9874467 -0.4935930 1.0000000 0.0000000 0.0000000 0.0000000
-0.0927790 0.9890540 -0.4946472 1.0000000 0.0000000 0.0000000 0.0000000
-0.0975506 0.9906612 -0.4957014 1.0000000 0.0000000 0.0000000 0.0000000
-0.1025180 0.9922852 -0.4969606 1.0000000 0.0000000 0.0000000 0.0000000
-0.1075564 0.9939153 -0.4982943 1.0000000 0.0000000 0.0000000 0.0000000
-0.1125948 0.9955454 -0.4996280 1.0000000 0.0000000 0.0000000 0.0000000
-0.1176332 0.9971755 -0.5009617 1.0000000 0.0000000 0.0000000 0.0000000
-0.1226717 0.9988055 -0.5022954 1.0000000 0.0000000 0.0000000 0.0000000
-0.1277101 1.0004356 -0.5036291 1.0000000 0.0000000 0.0000000 0.0000000
-0.1331475 1.0018263 -0.5038058 1.0000000 0.0000000 0.0000000 0.0000000
-0.1387490 1.0031185 -0.5035064 1.0000000 0.0000000 0.0000000 0.0000000
-0.1443506 1.0044107 -0.5032071 1.0000000 0.0000000 0.0000000 0.0000000
-0.1499521 1.0057029 -0.5029077 1.0000000 0.0000000 0.0000000 0.0000000
-0.1555537 1.0069951 -0.5026084 1.0000000 0.0000000 0.0000000 0.0000000
-0.1611552 1.0082873 -0.5023091 1.0000000 0.0000000 0.0000000 0.0000000
-0.1673847 1.0092028 -0.5001888 1.0000000 0.0000000 0.0000000 0.0000000
-0.1739050 1.0099437 -0.4972250 1.0000000 0.0000000 0.0000000 0.0000000
-0.1804253 1.0106847 -0.4942612 1.0000000 0.0000000 0.0000000 0.0000000
-0.1869456 1.0114256 -0.4912975 1.0000000 0.0000000 0.0000000 0.0000000
-0.1934659 1.0121666 -0.4883337 1.0000000 0.0000000 0.0000000 0.0000000
-0.1999862 1.0129075 -0.4853699 1.0000000 0.0000000 0.0000000 0.0000000
-0.2061154 1.0132892 -0.4830650 1.0000000 0.0000000 0.0000000 0.0000000
-0.2120416 1.0134843 -0.4811022 1.0000000 0.0000000 0.0000000 0.0000000
-0.2179678 1.0136794 -0.4791394 1.0000000 0.0000000 0.0000000 0.0000000
-0.2238940 1.0138745 -0.4771766 1.0000000 0.0000000 0.0000000 0.0000000
-0.2298202 1.0140696 -0.4752138 1.0000000 0.0000000 0.0000000 0.0000000
-0.2357464 1.0142647 -0.4732510 1.0000000 0.0000000 0.0000000 0.0000000
-0.2393618 1.0123368 -0.4751814 1.0000000 0.0000000 0.0000000 0.0000000
-0.2416384 1.0091790 -0.4793674 1.0000000 0.0000000 0.0000000 0.0000000
-0.2439150 1.0060211 -0.4835534 1.0000000 0.0000000 0.0000000 0.0000000
-0.2461916 1.0028632 -0.4877394 1.0000000 0.0000000 0.0000000 0.0000000
-0.2484682 0.9997054 -0.4919255 1.0000000 0.0000000 0.0000000 0.0000000
-0.2507448 0.9965475 -0.4961115 1.0000000 0.0000000 0.0000000 0.0000000
-0.2530214 0.9933896 -0.5002975 1.0000000 0.0000000 0.0000000 0.0000000
-0.2552980 0.9902318 -0.5044835 1.0000000 0.0000000 0.0000000 0.0000000
-0.2575746 0.9870739 -0.5086695 1.0000000 0.0000000 0.0000000 0.0000000
-0.2598512 0.9839160 -0.5128555 1.0000000 0.0000000 0.0000000 0.0000000
-0.2621278 0.9807582 -0.5170415 1.0000000 0.0000000 0.0000000 0.0000000
-0.2644044 0.9776003 -0.5212275 1.0000000 0.0000000 0.0000000 0.0000000
-0.2684279 0.9749118 -0.5229211 1.0000000 0.0000000 0.0000000 0.0000000
-0.2737011 0.9725591 -0.5228313 1.0000000 0.0000000 0.0000000 0.0000000
-0.2789744 0.9702065 -0.5227415 1.0000000 0.0000000 0.0000000 0.0000000
-0.2842477 0.9678538 -0.5226517 1.0000000 0.0000000 0.0000000 0.0000000
-0.2895210 0.9655011 -0.5225619 1.0000000 0.0000000 0.0000000 0.0000000
-0.2947942 0.9631485 -0.5224721 1.0000000 0.0000000 0.0000000 0.0000000
-0.3002954 0.9608571 -0.5220571 1.0000000 0.0000000 0.0000000 0.0000000
-0.3059773 0.9586142 -0.5213843 1.0000000 0.0000000 0.0000000 0.0000000
-0.3116593 0.9563713 -0.5207114 1.0000000 0.0000000 0.0000000 0.0000000
-0.3173412 0.9541285 -0.5200385 1.0000000 0.0000000 0.0000000 0.0000000
-0.3230231 0.9518856 -0.5193657 1.0000000 0.0000000 0.0000000 0.0000000
-0.3287050 0.9496428 -0.5186928 1.0000000 0.0000000 0.0000000 0.0000000
-0.3339002 0.9474330 -0.5178658 1.0000000 0.0000000 0.0000000 0.0000000
-0.3386684 0.9452523 -0.5169035 1.0000000 0.0000000 0.0000000 0.0000000
-0.3434366 0.9430715 -0.5159412 1.0000000 0.0000000 0.0000000 0.0000000
-0.3482048 0.9408908 -0.5149789 1.0000000 0.0000000 0.0000000 0.0000000
-0.3529729 0.9387100 -0.5140166 1.0000000 0.0000000 0.0000000 0.0000000
-0.3577411 0.9365293 -0.5130543 1.0000000 0.0000000 0.0000000 0.0000000
-0.3622704 0.9343648 -0.5120163 1.0000000 0.0000000 0.0000000 0.0000000
-0.3665679 0.9322161 -0.5109049 1.0000000 0.0000000 0.0000000 0.0000000
-0.3708654 0.9300673 -0.5097934 1.0000000 0.0000000 0.0000000 0.0000000
-0.3751629 0.9279186 -0.5086820 1.0000000 0.0000000 0.0000000 0.0000000
-0.3794603 0.9257698 -0.5075706 1.0000000 0.0000000 0.0000000 0.0000000
-0.3837578 0.9236211 -0.5064592 1.0000000 0.0000000 0.0000000 0.0000000
-0.3881904 0.9213823 -0.5055279 1.0000000 0.0000000 0.0000000 0.0000000
-0.3927680 0.9190468 -0.5047899 1.0000000 0.0000000 0.0000000 0.0000000
-0.3973455 0.9167114 -0.5040520 1.0000000 0.0000000 0.0000000 0.0000000
-0.4019231 0.9143759 -0.5033140 1.0000000 0.0000000 0.0000000 0.0000000
-0.4065006 0.9120404 -0.5025760 1.0000000 0.0000000 0.0000000 0.0000000
-0.4110782 0.9097050 -0.5018380 1.0000000 0.0000000 0.0000000 0.0000000
-0.4158326 0.9072516 -0.5013359 1.0000000 0.0000000 0.0000000 0.0000000
-0.4207970 0.9046583 -0.5011136 1.0000000 0.0000000 0.0000000 0.0000000
-0.4257613 0.9020650 -0.5008913 1.0000000 0.0000000 0.0000000 0.0000000
-0.4307256 0.8994717 -0.5006690 1.0000000 0.0000000 0.0000000 0.0000000
-0.4356899 0.8968784 -0.5004467 1.0000000 0.0000000 0.0000000 0.0000000
-0.4406543 0.8942851 -0.5002244 1.0000000 0.0000000 0.0000000 0.0000000
-0.4456437 0.8918707 -0.5000709 1.0000000 0.0000000 0.0000000 0.0000000
-0.4506663 0.8896913 -0.5000076 1.0000000 0.0000000 0.0000000 0.0000000
-0.4556888 0.8875119 -0.4999443 1.0000000 0.0000000 0.0000000 0.0000000
-0.4607113 0.8853325 -0.4998810 1.0000000 0.0000000 0.0000000 0.0000000
-0.4657338 0.8831531 -0.4998177 1.0000000 0.0000000 0.0000000 0.0000000
-0.4707563 0.8809737 -0.4997543 1.0000000 0.0000000 0.0000000 0.0000000
-0.4758867 0.8795618 -0.4999858 1.0000000 0.0000000 0.0000000 0.0000000
-0.4811743 0.8792681 -0.5006468 1.0000000 0.0000000 0.0000000 0.0000000
-0.4864619 0.8789743 -0.5013077 1.0000000 0.0000000 0.0000000 0.0000000
-0.4917495 0.8786806 -0.5019687 1.0000000 0.0000000 0.0000000 0.0000000
-0.4970371 0.8783868 -0.5026296 1.0000000 0.0000000 0.0000000 0.0000000
-0.5023247 0.8780931 -0.5032906 1.0000000 0.0000000 0.0000000 0.0000000
-0.5076123 0.8777993 -0.5039515 1.0000000 0.0000000 0.0000000 0.0000000
-0.5128999 0.8775056 -0.5046125 1.0000000 0.0000000 0.0000000 0.0000000
-0.5181875 0.8772118 -0.5052734 1.0000000 0.0000000 0.0000000 0.0000000
-0.5234751 0.8769181 -0.5059344 1.0000000 0.0000000 0.0000000 0.0000000
-0.5287627 0.8766243 -0.5065953 1.0000000 0.0000000 0.0000000 0.0000000
-0.5340503 0.8763305 -0.5072563 1.0000000 0.0000000 0.0000000 0.0000000
-0.5402035 0.8760350 -0.5077248 1.0000000 0.0000000 0.0000000 0.0000000
-0.5479173 0.8757364 -0.5078465 1.0000000 0.0000000 0.0000000 0.0000000
-0.5556311 0.8754378 -0.5079681 1.0000000 0.0000000 0.0000000 0.0000000
-0.5633449 0.8751392 -0.5080898 1.0000000 0.0000000 0.0000000 0.0000000
-0.5710587 0.8748406 -0.5082114 1.0000000 0.0000000 0.0000000 0.0000000
-0.5787725 0.8745419 -0.5083331 1.0000000 0.0000000 0.0000000 0.0000000
-0.5865562 0.8742432 -0.5084392 1.0000000 0.0000000 0.0000000 0.0000000
-0.5944810 0.8739441 -0.5085140 1.0000000 0.0000000 0.0000000 0.0000000
-0.6024058 0.8736451 -0.5085887 1.0000000 0.0000000 0.0000000 0.0000000
-0.6103306 0.8733460 -0.5086635 1.0000000 0.0000000 0.0000000 0.0000000
-0.6182553 0.8730470 -0.5087383 1.0000000 0.0000000 0.0000000 0.0000000
-0.6261801 0.8727479 -0.5088130 1.0000000 0.0000000 0.0000000 0.0000000
-0.6343269 0.8720088 -0.5087299 1.0000000 0.0000000 0.0000000 0.0000000
-0.6429760 0.8702740 -0.5082897 1.0000000 0.0000000 0.0000000 0.0000000
-0.6516251 0.8685393 -0.5078494 1.0000000 0.0000000 0.0000000 0.0000000
-0.6602742 0.8668046 -0.5074092 1.0000000 0.0000000 0.0000000 0.0000000
-0.6689233 0.8650698 -0.5069690 1.0000000 0.0000000 0.0000000 0.0000000
-0.6775724 0.8633351 -0.5065287 1.0000000 0.0000000 0.0000000 0.0000000
-0.6863089 0.8614272 -0.5060264 1.0000000 0.0000000 0.0000000 0.0000000
-0.6952684 0.8590771 -0.5053654 1.0000000 0.0000000 0.0000000 0.0000000
-0.7042279 0.8567271 -0.5047045 1.0000000 0.0000000 0.0000000 0.0000000
-0.7131875 0.8543771 -0.5040435 1.0000000 0.0000000 0.0000000 0.0000000
-0.7221470 0.8520270 -0.5033826 1.0000000 0.0000000 0.0000000 0.0000000
-0.7311065 0.8496770 -0.5027216 1.0000000 0.0000000 0.0000000 0.0000000
-0.7399494 0.8471873 -0.5020256 1.0000000 0.0000000 0.0000000 0.0000000
-0.7484536 0.8442923 -0.5012279 1.0000000 0.0000000 0.0000000 0.0000000
-0.7569579 0.8413973 -0.5004301 1.0000000 0.0000000 0.0000000 0.0000000
-0.7654621 0.8385023 -0.4996323 1.0000000 0.0000000 0.0000000 0.0000000
-0.7739663 0.8356073 -0.4988346 1.0000000 0.0000000 0.0000000 0.0000000
-0.7824706 0.8327123 -0.4980368 1.0000000 0.0000000 0.0000000 0.0000000
-0.7908409 0.8296570 -0.4971988 1.0000000 0.0000000 0.0000000 0.0000000
-0.7987656 0.8260684 -0.4962269 1.0000000 0.0000000 0.0000000 0.0000000
-0.8066904 0.8224798 -0.4952549 1.0000000 0.0000000 0.0000000 0.0000000
-0.8146152 0.8188912 -0.4942830 1.0000000 0.0000000 0.0000000 0.0000000
-0.8225400 0.8153027 -0.4933111 1.0000000 0.0000000 0.0000000 0.0000000
-0.8304647 0.8117141 -0.4923392 1.0000000 0.0000000 0.0000000 0.0000000
-0.8384367 0.8080061 -0.4912838 1.0000000 0.0000000 0.0000000 0.0000000
-0.8465904 0.8038377 -0.4899062 1.0000000 0.0000000 0.0000000 0.0000000
-0.8547441 0.7996693 -0.4885287 1.0000000 0.0000000 0.0000000 0.0000000
-0.8628978 0.7955010 -0.4871512 1.0000000 0.0000000 0.0000000 0.0000000
-0.8710515 0.7913326 -0.4857737 1.0000000 0.0000000 0.0000000 0.0000000
-0.8792053 0.7871643 -0.4843962 1.0000000 0.0000000 0.0000000 0.0000000
-0.8875058 0.7826241 -0.4827585 1.0000000 0.0000000 0.0000000 0.0000000
-0.8964712 0.7764001 -0.4799429 1.0000000 0.0000000 0.0000000 0.0000000
-0.9054367 0.7701762 -0.4771273 1.0000000 0.0000000 0.0000000 0.0000000
-0.9144021 0.7639523 -0.4743117 1.0000000 0.0000000 0.0000000 0.0000000
-0.9233675 0.7577283 -0.4714961 1.0000000 0.0000000 0.0000000 0.0000000
-0.9323330 0.7515044 -0.4686806 1.0000000 0.0000000 0.0000000 0.0000000
-0.9412984 0.7452804 -0.4658650 1.0000000 0.0000000 0.0000000 0.0000000
-0.9502638 0.7390565 -0.4630494 1.0000000 0.0000000 0.0000000 0.0000000
-0.9592293 0.7328326 -0.4602338 1.0000000 0.0000000 0.0000000 0.0000000
-0.9681947 0.7266086 -0.4574182 1.0000000 0.0000000 0.0000000 0.0000000
-0.9771601 0.7203847 -0.4546026 1.0000000 0.0000000 0.0000000 0.0000000
-0.9861256 0.7141608 -0.4517870 1.0000000 0.0000000 0.0000000 0.0000000
-0.9946451 0.7079653 -0.4488860 1.0000000 0.0000000 0.0000000 0.0000000
-1.0001978 0.7019592 -0.4454169 1.0000000 0.0000000 0.0000000 0.0000000
-1.0057504 0.6959531 -0.4419478 1.0000000 0.0000000 0.0000000 0.0000000
-1.0113030 0.6899470 -0.4384787 1.0000000 0.0000000 0.0000000 0.0000000
-1.0168557 0.6839409 -0.4350096 1.0000000 0.0000000 0.0000000 0.0000000
-1.0224083 0.6779348 -0.4315405 1.0000000 0.0000000 0.0000000 0.0000000
-1.0279536 0.6719292 -0.4280700 1.0000000 0.0000000 0.0000000 0.0000000
-1.0334366 0.6659275 -0.4245876 1.0000000 0.0000000 0.0000000 0.0000000
-1.0389196 0.6599259 -0.4211051 1.0000000 0.0000000 0.0000000 0.0000000
-1.0444026 0.6539242 -0.4176227 1.0000000 0.0000000 0.0000000 0.0000000
-1.0498856 0.6479225 -0.4141402 1.0000000 0.0000000 0.0000000 0.0000000
-1.0553686 0.6419209 -0.4106578 1.0000000 0.0000000 0.0000000 0.0000000
-1.0606973 0.6360206 -0.4071886 1.0000000 0.0000000 0.0000000 0.0000000
-1.0642612 0.6312801 -0.4038706 1.0000000 0.0000000 0.0000000 0.0000000
-1.0678252 0.6265395 -0.4005527 1.0000000 0.0000000 0.0000000 0.0000000
-1.0713891 0.6217989 -0.3972347 1.0000000 0.0000000 0.0000000 0.0000000
-1.0749530 0.6170584 -0.3939168 1.0000000 0.0000000 0.0000000 0.0000000
-1.0785170 0.6123178 -0.3905988 1.0000000 0.0000000 0.0000000 0.0000000
-1.0820437 0.6076017 -0.3872841 1.0000000 0.0000000 0.0000000 0.0000000
-1.0849333 0.6033043 -0.3840239 1.0000000 0.0000000 0.0000000 0.0000000
-1.0878230 0.5990068 -0.3807638 1.0000000 0.0000000 0.0000000 0.0000000
-1.0907127 0.5947093 -0.3775036 1.0000000 0.0000000 0.0000000 0.0000000
-1.0936024 0.5904118 -0.3742434 1.0000000 0.0000000 0.0000000 0.0000000
-1.0964921 0.5861143 -0.3709833 1.0000000 0.0000000 0.0000000 0.0000000
-1.0993747 0.5818340 -0.3677369 1.0000000 0.0000000 0.0000000 0.0000000
-1.1020313 0.5781064 -0.3649318 1.0000000 0.0000000 0.0000000 0.0000000
-1.1046879 0.5743787 -0.3621267 1.0000000 0.0000000 0.0000000 0.0000000
-1.1073445 0.5706510 -0.3593216 1.0000000 0.0000000 0.0000000 0.0000000
-1.1100011 0.5669233 -0.3565165 1.0000000 0.0000000 0.0000000 0.0000000
-1.1126577 0.5631957 -0.3537114 1.0000000 0.0000000 0.0000000 0.0000000
-1.1153131 0.5594709 -0.3509085 1.0000000 0.0000000 0.0000000 0.0000000
-1.1177365 0.5563130 -0.3485585 1.0000000 0.0000000 0.0000000 0.0000000
-1.1201600 0.5531551 -0.3462085 1.0000000 0.0000000 0.0000000 0.0000000
-1.1225835 0.5499973 -0.3438584 1.0000000 0.0000000 0.0000000 0.0000000
-1.1250070 0.5468394 -0.3415084 1.0000000 0.0000000 0.0000000 0.0000000
-1.1274305 0.5436815 -0.3391583 1.0000000 0.0000000 0.0000000 0.0000000
-1.1298539 0.5405237 -0.3368083 1.0000000 0.0000000 0.0000000 0.0000000
-1.1319009 0.5379326 -0.3346945 1.0000000 0.0000000 0.0000000 0.0000000
-1.1339401 0.5353532 -0.3325854 1.0000000 0.0000000 0.0000000 0.0000000
-1.1359793 0.5327738 -0.3304764 1.0000000 0.0000000 0.0000000 0.0000000
-1.1380185 0.5301944 -0.3283674 1.0000000 0.0000000 0.0000000 0.0000000
-1.1400577 0.5276150 -0.3262584 1.0000000 0.0000000 0.0000000 0.0000000
-1.1420970 0.5250356 -0.3241494 1.0000000 0.0000000 0.0000000 0.0000000
-1.1429744 0.5242051 -0.3227692 1.0000000 0.0000000 0.0000000 0.0000000
-1.1437968 0.5234575 -0.3214235 1.0000000 0.0000000 0.0000000 0.0000000
-1.1446191 0.5227099 -0.3200778 1.0000000 0.0000000 0.0000000 0.0000000
-1.1454415 0.5219623 -0.3187321 1.0000000 0.0000000 0.0000000 0.0000000
-1.1462639 0.5212146 -0.3173863 1.0000000 0.0000000 0.0000000 0.0000000
-1.1470863 0.5204670 -0.3160406 1.0000000 0.0000000 0.0000000 0.0000000
-1.1478947 0.5197142 -0.3147035 1.0000000 0.0000000 0.0000000 0.0000000
-1.1487021 0.5189609 -0.3133671 1.0000000 0.0000000 0.0000000 0.0000000
-1.1495096 0.5182077 -0.3120307 1.0000000 0.0000000 0.0000000 0.0000000
-1.1503170 0.5174545 -0.3106943 1.0000000 0.0000000 0.0000000 0.0000000
-1.1511244 0.5167013 -0.3093578 1.0000000 0.0000000 0.0000000 0.0000000
-1.1519318 0.5159480 -0.3080214 1.0000000 0.0000000 0.0000000 0.0000000
-1.1520753 0.5149461 -0.3070967 1.0000000 0.0000000 0.0000000 0.0000000
-1.1521487 0.5139180 -0.3062154 1.0000000 0.0000000 0.0000000 0.0000000
-1.1522222 0.5128898 -0.3053342 1.0000000 0.0000000 0.0000000 0.0000000
-1.1522956 0.5118617 -0.3044529 1.0000000 0.0000000 0.0000000 0.0000000
-1.1523690 0.5108336 -0.3035716 1.0000000 0.0000000 0.0000000 0.0000000
-1.1524425 0.5098054 -0.3026904 1.0000000 0.0000000 0.0000000 0.0000000
-1.1525159 0.5087773 -0.3018091 1.0000000 0.0000000 0.0000000 0.0000000
-1.1525893 0.5077491 -0.3009278 1.0000000 0.0000000 0.0000000 0.0000000
-1.1526628 0.5067210 -0.3000466 1.0000000 0.0000000 0.0000000 0.0000000
-1.1527362 0.5056928 -0.2991653 1.0000000 0.0000000 0.0000000 0.0000000
-1.1528097 0.5046647 -0.2982840 1.0000000 0.0000000 0.0000000 0.0000000
-1.1528831 0.5036366 -0.2974028 1.0000000 0.0000000 0.0000000 0.0000000
-1.1532001 0.5023052 -0.2967053 1.0000000 0.0000000 0.0000000 0.0000000
-1.1535586 0.5009220 -0.2960393 1.0000000 0.0000000 0.0000000 0.0000000
-1.1539172 0.4995389 -0.2953732 1.0000000 0.0000000 0.0000000 0.0000000
-1.1542757 0.4981557 -0.2947072 1.0000000 0.0000000 0.0000000 0.0000000
-1.1546343 0.4967726 -0.2940411 1.0000000 0.0000000 0.0000000 0.0000000
-1.1549928 0.4953895 -0.2933751 1.0000000 0.0000000 0.0000000 0.0000000
-1.1554260 0.4939134 -0.2927654 1.0000000 0.0000000 0.0000000 0.0000000
-1.1558746 0.4924181 -0.2921673 1.0000000 0.0000000 0.0000000 0.0000000
-1.1563231 0.4909229 -0.2915692 1.0000000 0.0000000 0.0000000 0.0000000
-1.1567717 0.4894277 -0.2909711 1.0000000 0.0000000 0.0000000 0.0000000
-1.1572203 0.4879324 -0.2903730 1.0000000 0.0000000 0.0000000 0.0000000
-1.1576688 0.4864372 -0.2897749 1.0000000 0.0000000 0.0000000 0.0000000
-1.1582444 0.4845939 -0.2893399 1.0000000 0.0000000 0.0000000 0.0000000
-1.1588508 0.4826657 -0.2889448 1.0000000 0.0000000 0.0000000 0.0000000
-1.1594573 0.4807376 -0.2885496 1.0000000 0.0000000 0.0000000 0.0000000
-1.1600637 0.4788094 -0.2881545 1.0000000 0.0000000 0.0000000 0.0000000
-1.1606702 0.4768813 -0.2877593 1.0000000 0.0000000 0.0000000 0.0000000
-1.1612766 0.4749531 -0.2873642 1.0000000 0.0000000 0.0000000 0.0000000
-1.1619878 0.4727377 -0.2871037 1.0000000 0.0000000 0.0000000 0.0000000
-1.1627288 0.4704408 -0.2868814 1.0000000 0.0000000 0.0000000 0.0000000
-1.1634697 0.4681439 -0.2866591 1.0000000 0.0000000 0.0000000 0.0000000
-1.1642107 0.4658469 -0.2864368 1.0000000 0.0000000 0.0000000 0.0000000
-1.1649516 0.4635500 -0.2862145 1.0000000 0.0000000 0.0000000 0.0000000
-1.1656926 0.4612531 -0.2859922 1.0000000 0.0000000 0.0000000 0.0000000
-1.1660833 0.4589441 -0.2861690 1.0000000 0.0000000 0.0000000 0.0000000
-1.1663596 0.4566313 -0.2864760 1.0000000 0.0000000 0.0000000 0.0000000
-1.1666359 0.4543184 -0.2867831 1.0000000 0.0000000 0.0000000 0.0000000
-1.1669122 0.4520055 -0.2870902 1.0000000 0.0000000 0.0000000 0.0000000
-1.1671885 0.4496927 -0.2873972 1.0000000 0.0000000 0.0000000 0.0000000
-1.1674648 0.4473798 -0.2877043 1.0000000 0.0000000 0.0000000 0.0000000
-1.1669512 0.4450399 -0.2889113 1.0000000 0.0000000 0.0000000 0.0000000
-1.1661434 0.4426898 -0.2904535 1.0000000 0.0000000 0.0000000 0.0000000
-1.1653356 0.4403398 -0.2919958 1.0000000 0.0000000 0.0000000 0.0000000
-1.1645277 0.4379897 -0.2935380 1.0000000 0.0000000 0.0000000 0.0000000
-1.1637199 0.4356397 -0.2950802 1.0000000 0.0000000 0.0000000 0.0000000
-1.1629121 0.4332897 -0.2966224 1.0000000 0.0000000 0.0000000 0.0000000
-1.1621249 0.4309195 -0.2981570 1.0000000 0.0000000 0.0000000 0.0000000
-1.1613464 0.4285408 -0.2996884 1.0000000 0.0000000 0.0000000 0.0000000
-1.1605679 0.4261622 -0.3012197 1.0000000 0.0000000 0.0000000 0.0000000
-1.1597894 0.4237836 -0.3027511 1.0000000 0.0000000 0.0000000 0.0000000
-1.1590109 0.4214049 -0.3042824 1.0000000 0.0000000 0.0000000 0.0000000
-1.1582324 0.4190263 -0.3058138 1.0000000 0.0000000 0.0000000 0.0000000
-1.1579313 0.4161818 -0.3071685 1.0000000 0.0000000 0.0000000 0.0000000
-1.1578565 0.4131166 -0.3084395 1.0000000 0.0000000 0.0000000 0.0000000
-1.1577817 0.4100513 -0.3097104 1.0000000 0.0000000 0.0000000 0.0000000
-1.1577070 0.4069861 -0.3109814 1.0000000 0.0000000 0.0000000 0.0000000
-1.1576322 0.4039209 -0.3122523 1.0000000 0.0000000 0.0000000 0.0000000
-1.1575575 0.4008556 -0.3135233 1.0000000 0.0000000 0.0000000 0.0000000
-1.1574827 0.3977904 -0.3147942 1.0000000 0.0000000 0.0000000 0.0000000
-1.1574079 0.3947251 -0.3160652 1.0000000 0.0000000 0.0000000 0.0000000
-1.1573332 0.3916599 -0.3173361 1.0000000 0.0000000 0.0000000 0.0000000
-1.1572584 0.3885946 -0.3186071 1.0000000 0.0000000 0.0000000 0.0000000
-1.1571836 0.3855294 -0.3198781 1.0000000 0.0000000 0.0000000 0.0000000
-1.1571089 0.3824642 -0.3211490 1.0000000 0.0000000 0.0000000 0.0000000
-1.1571483 0.3792377 -0.3223705 1.0000000 0.0000000 0.0000000 0.0000000
-1.1572553 0.3759159 -0.3235628 1.0000000 0.0000000 0.0000000 0.0000000
-1.1573622 0.3725940 -0.3247551 1.0000000 0.0000000 0.0000000 0.0000000
-1.1574692 0.3692722 -0.3259474 1.0000000 0.0000000 0.0000000 0.0000000
-1.1575762 0.3659503 -0.3271397 1.0000000 0.0000000 0.0000000 0.0000000
-1.1576832 0.3626285 -0.3283320 1.0000000 0.0000000 0.0000000 0.0000000
-1.1578142 0.3592726 -0.3295139 1.0000000 0.0000000 0.0000000 0.0000000
-1.1579611 0.3558945 -0.3306889 1.0000000 0.0000000 0.0000000 0.0000000
-1.1581080 0.3525163 -0.3318639 1.0000000 0.0000000 0.0000000 0.0000000
-1.1582549 0.3491381 -0.3330389 1.0000000 0.0000000 0.0000000 0.0000000
-1.1584017 0.3457599 -0.3342139 1.0000000 0.0000000 0.0000000 0.0000000
-1.1585486 0.3423817 -0.3353890 1.0000000 0.0000000 0.0000000 0.0000000
-1.1588158 0.3388259 -0.3361118 1.0000000 0.0000000 0.0000000 0.0000000
-1.1591709 0.3351404 -0.3365043 1.0000000 0.0000000 0.0000000 0.0000000
-1.1595260 0.3314549 -0.3368969 1.0000000 0.0000000 0.0000000 0.0000000
-1.1598810 0.3277694 -0.3372894 1.0000000 0.0000000 0.0000000 0.0000000
-1.1602361 0.3240838 -0.3376819 1.0000000 0.0000000 0.0000000 0.0000000
-1.1605912 0.3203983 -0.3380744 1.0000000 0.0000000 0.0000000 0.0000000
-1.1610367 0.3165793 -0.3381271 1.0000000 0.0000000 0.0000000 0.0000000
-1.1615554 0.3126523 -0.3379048 1.0000000 0.0000000 0.0000000 0.0000000
-1.1620740 0.3087253 -0.3376826 1.0000000 0.0000000 0.0000000 0.0000000
-1.1625927 0.3047983 -0.3374603 1.0000000 0.0000000 0.0000000 0.0000000
-1.1631113 0.3008713 -0.3372380 1.0000000 0.0000000 0.0000000 0.0000000
-1.1636300 0.2969443 -0.3370157 1.0000000 0.0000000 0.0000000 0.0000000
-1.1641111 0.2931799 -0.3371312 1.0000000 0.0000000 0.0000000 0.0000000
-1.1645587 0.2895611 -0.3375491 1.0000000 0.0000000 0.0000000 0.0000000
-1.1650062 0.2859423 -0.3379670 1.0000000 0.0000000 0.0000000 0.0000000
-1.1654537 0.2823236 -0.3383849 1.0000000 0.0000000 0.0000000 0.0000000
-1.1659013 0.2787048 -0.3388028 1.0000000 0.0000000 0.0000000 0.0000000
-1.1663488 0.2750860 -0.3392207 1.0000000 0.0000000 0.0000000 0.0000000
-1.1667204 0.2717964 -0.3403222 1.0000000 0.0000000 0.0000000 0.0000000
-1.1670167 0.2688326 -0.3421004 1.0000000 0.0000000 0.0000000 0.0000000
-1.1673131 0.2658688 -0.3438787 1.0000000 0.0000000 0.0000000 0.0000000
-1.1676095 0.2629050 -0.3456570 1.0000000 0.0000000 0.0000000 0.0000000
-1.1679059 0.2599413 -0.3474352 1.0000000 0.0000000 0.0000000 0.0000000
-1.1682023 0.2569775 -0.3492135 1.0000000 0.0000000 0.0000000 0.0000000
-1.1685184 0.2539967 -0.3508758 1.0000000 0.0000000 0.0000000 0.0000000
-1.1688563 0.2509974 -0.3524110 1.0000000 0.0000000 0.0000000 0.0000000
-1.1691942 0.2479980 -0.3539462 1.0000000 0.0000000 0.0000000 0.0000000
-1.1695321 0.2449987 -0.3554815 1.0000000 0.0000000 0.0000000 0.0000000
-1.1698699 0.2419993 -0.3570167 1.0000000 0.0000000 0.0000000 0.0000000
-1.1702078 0.2390000 -0.3585519 1.0000000 0.0000000 0.0000000 0.0000000
-1.1707615 0.2358157 -0.3588232 1.0000000 0.0000000 0.0000000 0.0000000
-1.1715765 0.2324073 -0.3575636 1.0000000 0.0000000 0.0000000 0.0000000
-1.1723915 0.2289990 -0.3563040 1.0000000 0.0000000 0.0000000 0.0000000
-1.1732066 0.2255906 -0.3550444 1.0000000 0.0000000 0.0000000 0.0000000
-1.1740216 0.2221823 -0.3537848 1.0000000 0.0000000 0.0000000 0.0000000
-1.1748367 0.2187739 -0.3525252 1.0000000 0.0000000 0.0000000 0.0000000
-1.1756517 0.2153656 -0.3512655 1.0000000 0.0000000 0.0000000 0.0000000
-1.1764667 0.2119573 -0.3500059 1.0000000 0.0000000 0.0000000 0.0000000
-1.1772818 0.2085489 -0.3487463 1.0000000 0.0000000 0.0000000 0.0000000
-1.1780968 0.2051406 -0.3474867 1.0000000 0.0000000 0.0000000 0.0000000
-1.1789119 0.2017322 -0.3462271 1.0000000 0.0000000 0.0000000 0.0000000
-1.1797269 0.1983239 -0.3449675 1.0000000 0.0000000 0.0000000 0.0000000
-1.1804939 0.1949809 -0.3437293 1.0000000 0.0000000 0.0000000 0.0000000
-1.1811895 0.1917352 -0.3425230 1.0000000 0.0000000 0.0000000 0.0000000
-1.1818851 0.1884894 -0.3413166 1.0000000 0.0000000 0.0000000 0.0000000
-1.1825807 0.1852437 -0.3401103 1.0000000 0.0000000 0.0000000 0.0000000
-1.1832764 0.1819979 -0.3389040 1.0000000 0.0000000 0.0000000 0.0000000
-1.1839720 0.1787522 -0.3376976 1.0000000 0.0000000 0.0000000 0.0000000
-1.1846590 0.1755181 -0.3364951 1.0000000 0.0000000 0.0000000 0.0000000
-1.1853319 0.1723034 -0.3352989 1.0000000 0.0000000 0.0000000 0.0000000
-1.1860047 0.1690886 -0.3341027 1.0000000 0.0000000 0.0000000 0.0000000
-1.1866776 0.1658738 -0.3329065 1.0000000 0.0000000 0.0000000 0.0000000
-1.1873504 0.1626591 -0.3317104 1.0000000 0.0000000 0.0000000 0.0000000
-1.1880233 0.1594443 -0.3305142 1.0000000 0.0000000 0.0000000 0.0000000
-1.1883878 0.1565590 -0.3296596 1.0000000 0.0000000 0.0000000 0.0000000
-1.1881841 0.1542808 -0.3294348 1.0000000 0.0000000 0.0000000 0.0000000
-1.1879804 0.1520026 -0.3292099 1.0000000 0.0000000 0.0000000 0.0000000
-1.1877767 0.1497244 -0.3289851 1.0000000 0.0000000 0.0000000 0.0000000
-1.1875730 0.1474462 -0.3287602 1.0000000 0.0000000 0.0000000 0.0000000
-1.1873693 0.1451680 -0.3285353 1.0000000 0.0000000 0.0000000 0.0000000
-1.1869901 0.1430773 -0.3285049 1.0000000 0.0000000 0.0000000 0.0000000
-1.1862492 0.1413731 -0.3288754 1.0000000 0.0000000 0.0000000 0.0000000
-1.1855082 0.1396689 -0.3292459 1.0000000 0.0000000 0.0000000 0.0000000
-1.1847673 0.1379648 -0.3296164 1.0000000 0.0000000 0.0000000 0.0000000
-1.1840263 0.1362606 -0.3299868 1.0000000 0.0000000 0.0000000 0.0000000
-1.1832854 0.1345564 -0.3303573 1.0000000 0.0000000 0.0000000 0.0000000
-1.1823917 0.1328692 -0.3311353 1.0000000 0.0000000 0.0000000 0.0000000
-1.1811439 0.1312214 -0.3328572 1.0000000 0.0000000 0.0000000 0.0000000
-1.1798961 0.1295735 -0.3345792 1.0000000 0.0000000 0.0000000 0.0000000
-1.1786484 0.1279256 -0.3363011 1.0000000 0.0000000 0.0000000 0.0000000
-1.1774006 0.1262778 -0.3380231 1.0000000 0.0000000 0.0000000 0.0000000
-1.1761529 0.1246299 -0.3397450 1.0000000 0.0000000 0.0000000 0.0000000
-1.1746766 0.1230075 -0.3420764 1.0000000 0.0000000 0.0000000 0.0000000
-1.1726020 0.1214515 -0.3460034 1.0000000 0.0000000 0.0000000 0.0000000
-1.1705273 0.1198955 -0.3499304 1.0000000 0.0000000 0.0000000 0.0000000
-1.1684527 0.1183395 -0.3538574 1.0000000 0.0000000 0.0000000 0.0000000
-1.1663780 0.1167835 -0.3577845 1.0000000 0.0000000 0.0000000 0.0000000
-1.1643034 0.1152275 -0.3617115 1.0000000 0.0000000 0.0000000 0.0000000
-1.1622418 0.1136663 -0.3655707 1.0000000 0.0000000 0.0000000 0.0000000
-1.1602190 0.1120896 -0.3692280 1.0000000 0.0000000 0.0000000 0.0000000
-1.1581962 0.1105129 -0.3728853 1.0000000 0.0000000 0.0000000 0.0000000
-1.1561734 0.1089361 -0.3765426 1.0000000 0.0000000 0.0000000 0.0000000
-1.1541506 0.1073594 -0.3801999 1.0000000 0.0000000 0.0000000 0.0000000
-1.1521279 0.1057827 -0.3838572 1.0000000 0.0000000 0.0000000 0.0000000
-1.1501771 0.1041771 -0.3871399 1.0000000 0.0000000 0.0000000 0.0000000
-1.1484730 0.1024730 -0.3891404 1.0000000 0.0000000 0.0000000 0.0000000
-1.1467688 0.1007688 -0.3911410 1.0000000 0.0000000 0.0000000 0.0000000
-1.1450646 0.0990646 -0.3931415 1.0000000 0.0000000 0.0000000 0.0000000
-1.1433604 0.0973604 -0.3951421 1.0000000 0.0000000 0.0000000 0.0000000
-1.1416563 0.0956563 -0.3971426 1.0000000 0.0000000 0.0000000 0.0000000
-1.1399521 0.0939521 -0.3991432 1.0000000 0.0000000 0.0000000 0.0000000
-1.1382479 0.0922479 -0.4011437 1.0000000 0.0000000 0.0000000 0.0000000
-1.1365437 0.0905437 -0.4031443 1.0000000 0.0000000 0.0000000 0.0000000
-1.1348396 0.0888396 -0.4051448 1.0000000 0.0000000 0.0000000 0.0000000
-1.1331354 0.0871354 -0.4071454 1.0000000 0.0000000 0.0000000 0.0000000
-1.1314312 0.0854312 -0.4091459 1.0000000 0.0000000 0.0000000 0.0000000
-1.1294221 0.0838092 -0.4117798 1.0000000 0.0000000 0.0000000 0.0000000
-1.1259841 0.0825718 -0.4173814 1.0000000 0.0000000 0.0000000 0.0000000
-1.1225461 0.0813344 -0.4229829 1.0000000 0.0000000 0.0000000 0.0000000
-1.1191082 0.0800970 -0.4285845 1.0000000 0.0000000 0.0000000 0.0000000
-1.1156702 0.0788596 -0.4341860 1.0000000 0.0000000 0.0000000 0.0000000
-1.1122322 0.0776223 -0.4397876 1.0000000 0.0000000 0.0000000 0.0000000
-1.1087652 0.0763927 -0.4454494 1.0000000 0.0000000 0.0000000 0.0000000
-1.1051345 0.0752072 -0.4514511 1.0000000 0.0000000 0.0000000 0.0000000
-1.1015039 0.0740217 -0.4574527 1.0000000 0.0000000 0.0000000 0.0000000
-1.0978733 0.0728362 -0.4634544 1.0000000 0.0000000 0.0000000 0.0000000
-1.0942427 0.0716507 -0.4694560 1.0000000 0.0000000 0.0000000 0.0000000
-1.0906120 0.0704651 -0.4754577 1.0000000 0.0000000 0.0000000 0.0000000
-1.0870551 0.0693411 -0.4813242 1.0000000 0.0000000 0.0000000 0.0000000
-1.0840113 0.0686446 -0.4862500 1.0000000 0.0000000 0.0000000 0.0000000
-1.0809675 0.0679481 -0.4911758 1.0000000 0.0000000 0.0000000 0.0000000
-1.0779237 0.0672516 -0.4961016 1.0000000 0.0000000 0.0000000 0.0000000
-1.0748799 0.0665551 -0.5010274 1.0000000 0.0000000 0.0000000 0.0000000
-1.0718361 0.0658586 -0.5059532 1.0000000 0.0000000 0.0000000 0.0000000
-1.0688227 0.0651875 -0.5108233 1.0000000 0.0000000 0.0000000 0.0000000
-1.0660812 0.0647429 -0.5151949 1.0000000 0.0000000 0.0000000 0.0000000
-1.0633397 0.0642983 -0.5195664 1.0000000 0.0000000 0.0000000 0.0000000
-1.0605982 0.0638538 -0.5239380 1.0000000 0.0000000 0.0000000 0.0000000
-1.0578567 0.0634092 -0.5283096 1.0000000 0.0000000 0.0000000 0.0000000
-1.0551152 0.0629646 -0.5326812 1.0000000 0.0000000 0.0000000 0.0000000
-1.0524326 0.0625202 -0.5369097 1.0000000 0.0000000 0.0000000 0.0000000
-1.0504724 0.0620773 -0.5393835 1.0000000 0.0000000 0.0000000 0.0000000
-1.0485122 0.0616344 -0.5418573 1.0000000 0.0000000 0.0000000 0.0000000
-1.0465520 0.0611914 -0.5443312 1.0000000 0.0000000 0.0000000 0.0000000
-1.0445918 0.0607485 -0.5468050 1.0000000 0.0000000 0.0000000 0.0000000
-1.0426316 0.0603056 -0.5492788 1.0000000 0.0000000 0.0000000 0.0000000
-1.0407256 0.0598628 -0.5516209 1.0000000 0.0000000 0.0000000 0.0000000
-1.0398444 0.0594222 -0.5514741 1.0000000 0.0000000 0.0000000 0.0000000
-1.0389631 0.0589815 -0.5513272 1.0000000 0.0000000 0.0000000 0.0000000
-1.0380818 0.0585409 -0.5511803 1.0000000 0.0000000 0.0000000 0.0000000
-1.0372006 0.0581003 -0.5510334 1.0000000 0.0000000 0.0000000 0.0000000
-1.0363193 0.0576597 -0.5508866 1.0000000 0.0000000 0.0000000 0.0000000
-1.0354496 0.0572163 -0.5507340 1.0000000 0.0000000 0.0000000 0.0000000
-1.0350294 0.0566684 -0.5503617 1.0000000 0.0000000 0.0000000 0.0000000
-1.0346093 0.0561204 -0.5499893 1.0000000 0.0000000 0.0000000 0.0000000
-1.0341891 0.0555724 -0.5496170 1.0000000 0.0000000 0.0000000 0.0000000
-1.0337689 0.0550245 -0.5492447 1.0000000 0.0000000 0.0000000 0.0000000
-1.0333487 0.0544765 -0.5488723 1.0000000 0.0000000 0.0000000 0.0000000
-1.0329286 0.0539286 -0.5485000 1.0000000 0.0000000 0.0000000 0.0000000
