1.2797853 -2.5127473 0.4930880 0.5387360 0.0075811 -0.0118537 0.8423571
1.2795023 -2.5125732 0.4930976 0.5417582 0.0076430 -0.0118547 0.8403771
1.2792194 -2.5123991 0.4931073 0.5447803 0.0077049 -0.0118557 0.8383971
1.2789364 -2.5122251 0.4931169 0.5478024 0.0077667 -0.0118567 0.8364170
1.2786534 -2.5120510 0.4931265 0.5508245 0.0078286 -0.0118577 0.8344370
1.2783704 -2.5118769 0.4931361 0.5538467 0.0078905 -0.0118587 0.8324570
1.2780874 -2.5117029 0.4931457 0.5568688 0.0079524 -0.0118597 0.8304770
1.2777944 -2.5112939 0.4931581 0.5594364 0.0080042 -0.0118562 0.8287210
1.2775012 -2.5108810 0.4931705 0.5619965 0.0080558 -0.0118528 0.8269689
1.2772081 -2.5104681 0.4931828 0.5645565 0.0081073 -0.0118493 0.8252168
1.2769149 -2.5100551 0.4931952 0.5671165 0.0081589 -0.0118458 0.8234647
1.2766217 -2.5096422 0.4932076 0.5696765 0.0082105 -0.0118423 0.8217125
1.2763285 -2.5092293 0.4932200 0.5722365 0.0082621 -0.0118388 0.8199604
1.2760353 -2.5088164 0.4932324 0.5755283 0.0083415 -0.0118481 0.8176038
1.2757422 -2.5084035 0.4932448 0.5788452 0.0084218 -0.0118579 0.8152264
1.2754490 -2.5079906 0.4932571 0.5821620 0.0085021 -0.0118677 0.8128490
1.2751558 -2.5075776 0.4932695 0.5854789 0.0085825 -0.0118775 0.8104716
1.2748626 -2.5071647 0.4932819 0.5887958 0.0086628 -0.0118873 0.8080942
1.2745694 -2.5067518 0.4932943 0.5921127 0.0087431 -0.0118971 0.8057168
1.2742763 -2.5063389 0.4933067 0.5959623 0.0088438 -0.0119104 0.8028044
1.2739831 -2.5059260 0.4933191 0.5998397 0.0089455 -0.0119239 0.7998639
1.2736899 -2.5055130 0.4933314 0.6037172 0.0090472 -0.0119373 0.7969234
1.2733967 -2.5051001 0.4933438 0.6075946 0.0091490 -0.0119508 0.7939829
1.2731035 -2.5046872 0.4933562 0.6114721 0.0092507 -0.0119643 0.7910424
1.2728103 -2.5042743 0.4933686 0.6153495 0.0093524 -0.0119778 0.7881019
1.2725172 -2.5038614 0.4933810 0.6187861 0.0094416 -0.0119813 0.7853537
1.2722240 -2.5034485 0.4933934 0.6221915 0.0095300 -0.0119840 0.7826191
1.2719308 -2.5030355 0.4934057 0.6255968 0.0096183 -0.0119868 0.7798845
1.2716376 -2.5026226 0.4934181 0.6290021 0.0097066 -0.0119895 0.7771500
1.2713444 -2.5022097 0.4934305 0.6324074 0.0097949 -0.0119923 0.7744154
1.2710513 -2.5017968 0.4934429 0.6358127 0.0098832 -0.0119950 0.7716808
1.2707581 -2.5013839 0.4934553 0.6388416 0.0099606 -0.0119907 0.7691336
1.2704649 -2.5009709 0.4934677 0.6418366 0.0100369 -0.0119858 0.7666033
1.2701717 -2.5005580 0.4934800 0.6448315 0.0101132 -0.0119809 0.7640730
1.2698785 -2.5001451 0.4934924 0.6478264 0.0101896 -0.0119759 0.7615427
1.2695854 -2.4997322 0.4935048 0.6508213 0.0102659 -0.0119710 0.7590124
1.2692922 -2.4993193 0.4935172 0.6538162 0.0103422 -0.0119661 0.7564821
1.2691539 -2.4989178 0.4935292 0.6564920 0.0104091 -0.0119563 0.7541285
1.2690327 -2.4985177 0.4935411 0.6591324 0.0104750 -0.0119461 0.7517944
1.2689115 -2.4981175 0.4935530 0.6617729 0.0105408 -0.0119358 0.7494603
1.2687902 -2.4977174 0.4935649 0.6644134 0.0106066 -0.0119255 0.7471262
1.2686690 -2.4973172 0.4935768 0.6670539 0.0106725 -0.0119152 0.7447921
1.2685478 -2.4969170 0.4935888 0.6696944 0.0107383 -0.0119049 0.7424580
1.2685670 -2.4965273 0.4936003 0.6720651 0.0107962 -0.0118915 0.7402870
1.2686045 -2.4961389 0.4936118 0.6744004 0.0108529 -0.0118776 0.7381374
1.2686420 -2.4957505 0.4936233 0.6767357 0.0109097 -0.0118637 0.7359878
1.2686796 -2.4953621 0.4936348 0.6790710 0.0109665 -0.0118498 0.7338381
1.2687171 -2.4949738 0.4936463 0.6814063 0.0110233 -0.0118360 0.7316885
1.2687546 -2.4945854 0.4936578 0.6837416 0.0110800 -0.0118221 0.7295389
1.2687922 -2.4941970 0.4936693 0.6869801 0.0111433 -0.0117828 0.7264276
1.2688297 -2.4938086 0.4936808 0.6903566 0.0112076 -0.0117396 0.7231692
1.2688673 -2.4934202 0.4936923 0.6937331 0.0112719 -0.0116964 0.7199109
1.2689048 -2.4930318 0.4937038 0.6971096 0.0113362 -0.0116532 0.7166525
1.2689423 -2.4926435 0.4937153 0.7004861 0.0114004 -0.0116100 0.7133942
1.2689799 -2.4922551 0.4937268 0.7038627 0.0114647 -0.0115668 0.7101358
1.2690174 -2.4918667 0.4937383 0.7077954 0.0115263 -0.0114993 0.7061259
1.2690549 -2.4914783 0.4937498 0.7118257 0.0115873 -0.0114275 0.7019842
1.2690925 -2.4910899 0.4937613 0.7158559 0.0116484 -0.0113558 0.6978425
1.2691300 -2.4907015 0.4937728 0.7198862 0.0117095 -0.0112840 0.6937008
1.2691676 -2.4903132 0.4937843 0.7239164 0.0117706 -0.0112122 0.6895591
1.2692051 -2.4899248 0.4937958 0.7279467 0.0118316 -0.0111404 0.6854175
1.2692426 -2.4895364 0.4938073 0.7332345 0.0118706 -0.0110053 0.6795636
1.2692802 -2.4891480 0.4938188 0.7387720 0.0119052 -0.0108575 0.6733695
1.2693177 -2.4887596 0.4938303 0.7443096 0.0119397 -0.0107097 0.6671755
1.2693553 -2.4883712 0.4938418 0.7498472 0.0119743 -0.0105620 0.6609814
1.2693928 -2.4879829 0.4938533 0.7553848 0.0120089 -0.0104142 0.6547874
1.2694303 -2.4875945 0.4938648 0.7609223 0.0120434 -0.0102664 0.6485933
1.2694679 -2.4872061 0.4938763 0.7661899 0.0120873 -0.0101333 0.6421934
1.2695054 -2.4868177 0.4938878 0.7713972 0.0121333 -0.0100034 0.6357475
1.2695429 -2.4864293 0.4938993 0.7766045 0.0121793 -0.0098736 0.6293016
1.2695805 -2.4860410 0.4939108 0.7818118 0.0122253 -0.0097437 0.6228558
1.2696180 -2.4856526 0.4939223 0.7870191 0.0122712 -0.0096139 0.6164099
1.2696556 -2.4852642 0.4939338 0.7922264 0.0123172 -0.0094840 0.6099640
1.2697704 -2.4848871 0.4939460 0.7969764 0.0123399 -0.0093485 0.6035982
1.2699044 -2.4845127 0.4939584 0.8016128 0.0123567 -0.0092115 0.5972522
1.2700384 -2.4841384 0.4939708 0.8062492 0.0123736 -0.0090746 0.5909063
1.2701724 -2.4837641 0.4939833 0.8108856 0.0123904 -0.0089376 0.5845603
1.2703065 -2.4833897 0.4939957 0.8155220 0.0124073 -0.0088007 0.5782144
1.2704405 -2.4830154 0.4940081 0.8201585 0.0124241 -0.0086637 0.5718684
1.2706444 -2.4826513 0.4940212 0.8243369 0.0124208 -0.0085268 0.5657037
1.2708675 -2.4822899 0.4940345 0.8283897 0.0124119 -0.0083900 0.5595887
1.2710905 -2.4819285 0.4940477 0.8324424 0.0124030 -0.0082531 0.5534737
1.2713136 -2.4815672 0.4940610 0.8364951 0.0123941 -0.0081162 0.5473588
1.2715367 -2.4812058 0.4940743 0.8405479 0.0123853 -0.0079794 0.5412438
1.2717598 -2.4808445 0.4940875 0.8446006 0.0123764 -0.0078425 0.5351289
1.2719829 -2.4804831 0.4941008 0.8488752 0.0123439 -0.0076844 0.5281191
1.2722059 -2.4801217 0.4941141 0.8532169 0.0123042 -0.0075198 0.5208389
1.2724290 -2.4797604 0.4941273 0.8575585 0.0122645 -0.0073553 0.5135587
1.2726521 -2.4793990 0.4941406 0.8619002 0.0122249 -0.0071907 0.5062785
1.2728752 -2.4790376 0.4941539 0.8662418 0.0121852 -0.0070262 0.4989984
1.2730983 -2.4786763 0.4941671 0.8705835 0.0121456 -0.0068616 0.4917182
1.2733213 -2.4783149 0.4941804 0.8748442 0.0120770 -0.0066860 0.4838704
1.2735444 -2.4779536 0.4941937 0.8790781 0.0119989 -0.0065067 0.4758349
1.2737675 -2.4775922 0.4942069 0.8833120 0.0119208 -0.0063273 0.4677993
1.2739906 -2.4772308 0.4942202 0.8875460 0.0118427 -0.0061480 0.4597638
1.2742137 -2.4768695 0.4942335 0.8917799 0.0117646 -0.0059686 0.4517282
1.2744367 -2.4765081 0.4942467 0.8960139 0.0116864 -0.0057893 0.4436927
1.2746598 -2.4761468 0.4942600 0.8992791 0.0116056 -0.0056433 0.4369738
1.2748829 -2.4757854 0.4942733 0.9021948 0.0115239 -0.0055092 0.4307302
1.2751060 -2.4754240 0.4942865 0.9051105 0.0114421 -0.0053751 0.4244866
1.2753291 -2.4750627 0.4942998 0.9080261 0.0113603 -0.0052411 0.4182429
1.2755521 -2.4747013 0.4943131 0.9109418 0.0112785 -0.0051070 0.4119993
1.2757752 -2.4743400 0.4943263 0.9138575 0.0111968 -0.0049730 0.4057556
1.2759983 -2.4739786 0.4943396 0.9161404 0.0111210 -0.0048645 0.4005442
1.2762214 -2.4736172 0.4943529 0.9181751 0.0110476 -0.0047660 0.3957378
1.2764445 -2.4732559 0.4943661 0.9202098 0.0109741 -0.0046675 0.3909314
1.2766675 -2.4728945 0.4943794 0.9222445 0.0109007 -0.0045690 0.3861249
1.2768906 -2.4725332 0.4943927 0.9242792 0.0108273 -0.0044706 0.3813185
1.2771137 -2.4721718 0.4944059 0.9263139 0.0107539 -0.0043721 0.3765120
1.2774465 -2.4717901 0.4944193 0.9281194 0.0106786 -0.0042819 0.3719934
1.2778261 -2.4713998 0.4944327 0.9298274 0.0106024 -0.0041954 0.3675971
1.2782056 -2.4710094 0.4944461 0.9315354 0.0105263 -0.0041088 0.3632008
1.2785851 -2.4706191 0.4944594 0.9332434 0.0104501 -0.0040222 0.3588045
1.2789647 -2.4702287 0.4944728 0.9349514 0.0103740 -0.0039356 0.3544082
1.2793442 -2.4698384 0.4944862 0.9366594 0.0102978 -0.0038490 0.3500119
1.2798227 -2.4694297 0.4944997 0.9381796 0.0102215 -0.0037700 0.3458817
1.2803466 -2.4690126 0.4945131 0.9396134 0.0101451 -0.0036945 0.3418740
1.2808706 -2.4685955 0.4945266 0.9410472 0.0100687 -0.0036189 0.3378662
1.2813945 -2.4681784 0.4945401 0.9424810 0.0099922 -0.0035434 0.3338584
1.2819185 -2.4677613 0.4945536 0.9439148 0.0099158 -0.0034678 0.3298506
1.2824424 -2.4673442 0.4945671 0.9453486 0.0098394 -0.0033923 0.3258428
1.2829664 -2.4669271 0.4945806 0.9467678 0.0097641 -0.0033187 0.3216379
1.2834903 -2.4665100 0.4945941 0.9481799 0.0096894 -0.0032461 0.3173352
1.2840143 -2.4660929 0.4946076 0.9495919 0.0096146 -0.0031735 0.3130326
1.2845382 -2.4656758 0.4946211 0.9510039 0.0095399 -0.0031008 0.3087299
1.2850622 -2.4652587 0.4946345 0.9524160 0.0094652 -0.0030282 0.3044273
1.2855861 -2.4648416 0.4946480 0.9538280 0.0093905 -0.0029556 0.3001246
1.2861101 -2.4644245 0.4946615 0.9551923 0.0093159 -0.0028854 0.2956950
1.2866340 -2.4640074 0.4946750 0.9565311 0.0092414 -0.0028166 0.2911976
1.2871580 -2.4635903 0.4946885 0.9578699 0.0091669 -0.0027477 0.2867003
1.2876819 -2.4631732 0.4947020 0.9592088 0.0090925 -0.0026789 0.2822029
1.2882059 -2.4627561 0.4947155 0.9605476 0.0090180 -0.0026100 0.2777055
1.2887298 -2.4623390 0.4947290 0.9618864 0.0089435 -0.0025412 0.2732082
1.2892538 -2.4619219 0.4947424 0.9630173 0.0088708 -0.0024808 0.2691862
1.2897777 -2.4615048 0.4947559 0.9640289 0.0087991 -0.0024252 0.2654371
1.2903017 -2.4610877 0.4947694 0.9650405 0.0087274 -0.0023696 0.2616880
1.2908256 -2.4606706 0.4947829 0.9660521 0.0086557 -0.0023140 0.2579388
1.2913496 -2.4602535 0.4947964 0.9670637 0.0085840 -0.0022584 0.2541897
1.2918735 -2.4598364 0.4948099 0.9680753 0.0085123 -0.0022028 0.2504406
1.2923975 -2.4594193 0.4948234 0.9689428 0.0084428 -0.0021536 0.2470601
1.2929214 -2.4590022 0.4948369 0.9697215 0.0083746 -0.0021082 0.2439067
1.2934454 -2.4585851 0.4948504 0.9705002 0.0083065 -0.0020629 0.2407532
1.2939693 -2.4581680 0.4948638 0.9712789 0.0082384 -0.0020176 0.2375998
1.2944933 -2.4577509 0.4948773 0.9720577 0.0081703 -0.0019722 0.2344464
1.2950172 -2.4573338 0.4948908 0.9728364 0.0081022 -0.0019269 0.2312929
1.2956518 -2.4569513 0.4949034 0.9735457 0.0080355 -0.0018849 0.2282793
1.2963596 -2.4565918 0.4949154 0.9742091 0.0079697 -0.0018452 0.2253581
1.2970673 -2.4562322 0.4949274 0.9748725 0.0079040 -0.0018055 0.2224369
1.2977751 -2.4558727 0.4949394 0.9755359 0.0078383 -0.0017657 0.2195156
1.2984828 -2.4555131 0.4949514 0.9761993 0.0077726 -0.0017260 0.2165944
1.2991905 -2.4551536 0.4949634 0.9768627 0.0077068 -0.0016863 0.2136732
1.2999976 -2.4548252 0.4949746 0.9774687 0.0076427 -0.0016494 0.2108780
1.3008750 -2.4545188 0.4949852 0.9780341 0.0075797 -0.0016147 0.2081719
1.3017524 -2.4542124 0.4949958 0.9785995 0.0075167 -0.0015799 0.2054659
1.3026298 -2.4539060 0.4950064 0.9791649 0.0074537 -0.0015452 0.2027598
1.3035072 -2.4535995 0.4950170 0.9797303 0.0073907 -0.0015104 0.2000538
1.3043846 -2.4532931 0.4950276 0.9802957 0.0073277 -0.0014756 0.1973478
1.3052620 -2.4529867 0.4950382 0.9807445 0.0072535 -0.0014437 0.1951267
1.3061394 -2.4526803 0.4950489 0.9811051 0.0071708 -0.0014138 0.1932730
1.3070168 -2.4523739 0.4950595 0.9814656 0.0070881 -0.0013839 0.1914193
1.3078942 -2.4520675 0.4950701 0.9818262 0.0070054 -0.0013540 0.1895656
1.3087716 -2.4517611 0.4950807 0.9821868 0.0069227 -0.0013242 0.1877119
1.3096490 -2.4514547 0.4950913 0.9825474 0.0068400 -0.0012943 0.1858582
1.3105264 -2.4511483 0.4951019 0.9828209 0.0067512 -0.0012672 0.1844238
1.3114038 -2.4508419 0.4951125 0.9830239 0.0066574 -0.0012423 0.1833290
1.3122812 -2.4505354 0.4951232 0.9832269 0.0065636 -0.0012175 0.1822342
1.3131586 -2.4502290 0.4951338 0.9834299 0.0064699 -0.0011926 0.1811393
1.3140360 -2.4499226 0.4951444 0.9836329 0.0063761 -0.0011678 0.1800445
1.3149134 -2.4496162 0.4951550 0.9838359 0.0062823 -0.0011430 0.1789497
1.3157908 -2.4493098 0.4951656 0.9840123 0.0061980 -0.0011213 0.1779830
1.3166681 -2.4490034 0.4951762 0.9841656 0.0061221 -0.0011023 0.1771273
1.3175455 -2.4486970 0.4951868 0.9843190 0.0060461 -0.0010833 0.1762717
1.3184229 -2.4483906 0.4951975 0.9844723 0.0059701 -0.0010644 0.1754160
1.3193003 -2.4480842 0.4952081 0.9846257 0.0058941 -0.0010454 0.1745603
1.3201777 -2.4477778 0.4952187 0.9847790 0.0058182 -0.0010264 0.1737046
1.3210551 -2.4474713 0.4952293 0.9849142 0.0057490 -0.0010096 0.1729408
1.3219325 -2.4471649 0.4952399 0.9850326 0.0056861 -0.0009947 0.1722619
1.3228099 -2.4468585 0.4952505 0.9851510 0.0056232 -0.0009798 0.1715830
1.3236873 -2.4465521 0.4952611 0.9852694 0.0055603 -0.0009649 0.1709041
1.3245647 -2.4462457 0.4952718 0.9853878 0.0054974 -0.0009500 0.1702252
1.3254421 -2.4459393 0.4952824 0.9855061 0.0054346 -0.0009351 0.1695463
1.3263480 -2.4456766 0.4952928 0.9856187 0.0053740 -0.0009210 0.1688933
1.3272822 -2.4454572 0.4953031 0.9857255 0.0053158 -0.0009077 0.1682659
1.3282164 -2.4452377 0.4953133 0.9858323 0.0052576 -0.0008944 0.1676385
1.3291506 -2.4450182 0.4953236 0.9859391 0.0051993 -0.0008811 0.1670111
1.3300848 -2.4447988 0.4953339 0.9860459 0.0051411 -0.0008678 0.1663836
1.3310190 -2.4445793 0.4953442 0.9861527 0.0050829 -0.0008545 0.1657562
1.3319787 -2.4443989 0.4953543 0.9862546 0.0050267 -0.0008418 0.1651512
1.3329653 -2.4442597 0.4953642 0.9863514 0.0049726 -0.0008299 0.1645697
1.3339519 -2.4441205 0.4953742 0.9864481 0.0049186 -0.0008180 0.1639882
1.3349385 -2.4439814 0.4953841 0.9865449 0.0048645 -0.0008060 0.1634067
1.3359251 -2.4438422 0.4953941 0.9866417 0.0048105 -0.0007941 0.1628252
1.3369118 -2.4437030 0.4954040 0.9867384 0.0047564 -0.0007822 0.1622437
1.3378984 -2.4435638 0.4954140 0.9868045 0.0047033 -0.0007714 0.1618460
1.3388850 -2.4434246 0.4954239 0.9868358 0.0046513 -0.0007620 0.1616558
1.3398716 -2.4432854 0.4954339 0.9868672 0.0045993 -0.0007526 0.1614656
1.3408582 -2.4431463 0.4954438 0.9868985 0.0045473 -0.0007432 0.1612754
1.3418448 -2.4430071 0.4954538 0.9869298 0.0044953 -0.0007338 0.1610852
1.3428315 -2.4428679 0.4954637 0.9869612 0.0044433 -0.0007244 0.1608951
1.3438181 -2.4427287 0.4954737 0.9869703 0.0043924 -0.0007158 0.1608409
1.3448047 -2.4425895 0.4954836 0.9869525 0.0043429 -0.0007082 0.1609511
1.3457913 -2.4424503 0.4954936 0.9869348 0.0042934 -0.0007006 0.1610612
1.3467779 -2.4423111 0.4955035 0.9869170 0.0042439 -0.0006930 0.1611714
1.3477645 -2.4421720 0.4955135 0.9868992 0.0041944 -0.0006854 0.1612815
1.3487512 -2.4420328 0.4955234 0.9868815 0.0041449 -0.0006778 0.1613916
1.3497378 -2.4418936 0.4955334 0.9868352 0.0041011 -0.0006718 0.1616737
1.3507244 -2.4417544 0.4955433 0.9867521 0.0040646 -0.0006679 0.1621779
1.3517110 -2.4416152 0.4955533 0.9866690 0.0040281 -0.0006640 0.1626820
1.3526976 -2.4414760 0.4955632 0.9865858 0.0039916 -0.0006601 0.1631861
1.3536842 -2.4413369 0.4955732 0.9865027 0.0039552 -0.0006561 0.1636902
1.3546709 -2.4411977 0.4955831 0.9864196 0.0039187 -0.0006522 0.1641944
1.3556575 -2.4410585 0.4955931 0.9863116 0.0038866 -0.0006495 0.1648400
1.3566441 -2.4409193 0.4956030 0.9861692 0.0038605 -0.0006484 0.1656813
1.3576307 -2.4407801 0.4956130 0.9860268 0.0038344 -0.0006474 0.1665225
1.3586173 -2.4406409 0.4956229 0.9858844 0.0038083 -0.0006463 0.1673638
1.3596039 -2.4405017 0.4956329 0.9857420 0.0037823 -0.0006452 0.1682050
1.3605906 -2.4403626 0.4956428 0.9855996 0.0037562 -0.0006442 0.1690463
1.3616417 -2.4401419 0.4956523 0.9854582 0.0037306 -0.0006430 0.1698713
1.3627881 -2.4398008 0.4956610 0.9853185 0.0037057 -0.0006418 0.1706725
1.3639346 -2.4394597 0.4956697 0.9851787 0.0036808 -0.0006405 0.1714737
1.3650811 -2.4391186 0.4956784 0.9850389 0.0036559 -0.0006392 0.1722749
1.3662276 -2.4387775 0.4956871 0.9848992 0.0036310 -0.0006379 0.1730760
1.3673741 -2.4384363 0.4956958 0.9847594 0.0036061 -0.0006367 0.1738772
1.3685777 -2.4380231 0.4957040 0.9846207 0.0035817 -0.0006353 0.1746639
1.3698717 -2.4374956 0.4957116 0.9844837 0.0035579 -0.0006339 0.1754276
1.3711658 -2.4369681 0.4957191 0.9843467 0.0035341 -0.0006324 0.1761914
1.3724598 -2.4364406 0.4957267 0.9842097 0.0035103 -0.0006310 0.1769551
1.3737539 -2.4359131 0.4957342 0.9840727 0.0034866 -0.0006295 0.1777189
1.3750480 -2.4353856 0.4957417 0.9839357 0.0034628 -0.0006281 0.1784826
1.3763420 -2.4348580 0.4957493 0.9839153 0.0034130 -0.0006197 0.1785958
1.3776361 -2.4343305 0.4957568 0.9840933 0.0033190 -0.0005996 0.1776021
1.3789302 -2.4338030 0.4957644 0.9842712 0.0032249 -0.0005795 0.1766085
1.3802242 -2.4332755 0.4957719 0.9844492 0.0031309 -0.0005594 0.1756148
1.3815183 -2.4327480 0.4957795 0.9846271 0.0030369 -0.0005393 0.1746211
1.3828123 -2.4322205 0.4957870 0.9848051 0.0029428 -0.0005192 0.1736275
1.3841064 -2.4316929 0.4957945 0.9850447 0.0028365 -0.0004966 0.1722487
1.3854005 -2.4311654 0.4958021 0.9853973 0.0027077 -0.0004694 0.1701657
1.3866945 -2.4306379 0.4958096 0.9857498 0.0025788 -0.0004422 0.1680828
1.3879886 -2.4301104 0.4958172 0.9861023 0.0024500 -0.0004150 0.1659999
1.3892826 -2.4295829 0.4958247 0.9864549 0.0023212 -0.0003877 0.1639170
1.3905767 -2.4290554 0.4958323 0.9868074 0.0021924 -0.0003605 0.1618341
1.3918708 -2.4285278 0.4958398 0.9871144 0.0020737 -0.0003364 0.1599906
1.3931648 -2.4280003 0.4958474 0.9873318 0.0019750 -0.0003182 0.1586182
1.3944589 -2.4274728 0.4958549 0.9875492 0.0018763 -0.0003000 0.1572458
1.3957530 -2.4269453 0.4958624 0.9877666 0.0017776 -0.0002818 0.1558734
1.3970470 -2.4264178 0.4958700 0.9879840 0.0016789 -0.0002636 0.1545010
1.3983411 -2.4258903 0.4958775 0.9882014 0.0015803 -0.0002454 0.1531286
1.3996351 -2.4253627 0.4958851 0.9883927 0.0014883 -0.0002289 0.1519081
1.4009292 -2.4248352 0.4958926 0.9885286 0.0014105 -0.0002159 0.1510098
1.4022233 -2.4243077 0.4959002 0.9886646 0.0013326 -0.0002030 0.1501115
1.4035173 -2.4237802 0.4959077 0.9888005 0.0012548 -0.0001900 0.1492132
1.4048114 -2.4232527 0.4959152 0.9889364 0.0011770 -0.0001771 0.1483148
1.4061054 -2.4227251 0.4959228 0.9890723 0.0010992 -0.0001641 0.1474165
1.4074059 -2.4221661 0.4959304 0.9891994 0.0010258 -0.0001521 0.1465689
1.4087208 -2.4215349 0.4959380 0.9893064 0.0009624 -0.0001422 0.1458374
1.4100358 -2.4209037 0.4959456 0.9894133 0.0008989 -0.0001322 0.1451059
1.4113508 -2.4202725 0.4959533 0.9895203 0.0008355 -0.0001223 0.1443745
1.4126658 -2.4196413 0.4959609 0.9896272 0.0007721 -0.0001124 0.1436430
1.4139807 -2.4190101 0.4959685 0.9897342 0.0007087 -0.0001025 0.1429115
1.4153008 -2.4183535 0.4959762 0.9898351 0.0006483 -0.0000932 0.1422158
1.4166336 -2.4176340 0.4959839 0.9899214 0.0005956 -0.0000854 0.1416087
1.4179664 -2.4169145 0.4959916 0.9900076 0.0005430 -0.0000776 0.1410017
1.4192992 -2.4161949 0.4959993 0.9900938 0.0004903 -0.0000698 0.1403946
1.4206320 -2.4154754 0.4960070 0.9901800 0.0004376 -0.0000620 0.1397876
1.4219648 -2.4147559 0.4960148 0.9902662 0.0003849 -0.0000542 0.1391805
1.4232976 -2.4140363 0.4960225 0.9903549 0.0003350 -0.0000469 0.1385505
1.4246304 -2.4133168 0.4960302 0.9904504 0.0002926 -0.0000409 0.1378586
1.4259632 -2.4125973 0.4960379 0.9905458 0.0002501 -0.0000349 0.1371668
1.4272960 -2.4118778 0.4960456 0.9906413 0.0002077 -0.0000289 0.1364749
1.4286288 -2.4111582 0.4960533 0.9907367 0.0001652 -0.0000229 0.1357831
1.4299616 -2.4104387 0.4960610 0.9908322 0.0001227 -0.0000169 0.1350912
1.4312944 -2.4097192 0.4960688 0.9909277 0.0000826 -0.0000112 0.1343932
1.4326271 -2.4089996 0.4960765 0.9910233 0.0000494 -0.0000068 0.1336774
1.4339599 -2.4082801 0.4960842 0.9911190 0.0000161 -0.0000024 0.1329616
1.4352927 -2.4075606 0.4960919 0.9912146 -0.0000171 0.0000021 0.1322457
1.4366255 -2.4068410 0.4960996 0.9913102 -0.0000504 0.0000065 0.1315299
1.4379583 -2.4061215 0.4961073 0.9914059 -0.0000836 0.0000109 0.1308141
1.4392911 -2.4054020 0.4961150 0.9915031 -0.0001151 0.0000151 0.1300799
1.4406239 -2.4046825 0.4961227 0.9916053 -0.0001411 0.0000183 0.1292870
1.4419567 -2.4039629 0.4961305 0.9917075 -0.0001670 0.0000215 0.1284941
1.4432895 -2.4032434 0.4961382 0.9918098 -0.0001930 0.0000247 0.1277012
1.4446223 -2.4025239 0.4961459 0.9919120 -0.0002190 0.0000279 0.1269082
1.4459551 -2.4018043 0.4961536 0.9920142 -0.0002449 0.0000311 0.1261153
1.4472879 -2.4010848 0.4961613 0.9921170 -0.0002697 0.0000340 0.1253110
1.4486207 -2.4003653 0.4961690 0.9922216 -0.0002904 0.0000363 0.1244665
1.4499535 -2.3996457 0.4961767 0.9923262 -0.0003112 0.0000386 0.1236221
1.4512862 -2.3989262 0.4961845 0.9924309 -0.0003319 0.0000409 0.1227776
1.4526190 -2.3982067 0.4961922 0.9925355 -0.0003526 0.0000432 0.1219331
1.4539518 -2.3974871 0.4961999 0.9926401 -0.0003733 0.0000455 0.1210887
1.4556713 -2.3967437 0.4962052 0.9927410 -0.0003934 0.0000476 0.1202684
1.4588954 -2.3959072 0.4962011 0.9928274 -0.0004112 0.0000494 0.1195425
1.4621196 -2.3950707 0.4961969 0.9929139 -0.0004291 0.0000512 0.1188165
1.4653438 -2.3942343 0.4961928 0.9930003 -0.0004469 0.0000530 0.1180906
1.4685679 -2.3933978 0.4961887 0.9930867 -0.0004647 0.0000548 0.1173646
1.4717921 -2.3925613 0.4961846 0.9931732 -0.0004825 0.0000566 0.1166387
1.4753442 -2.3917045 0.4961784 0.9932570 -0.0004999 0.0000583 0.1159306
1.4803143 -2.3907601 0.4961634 0.9933294 -0.0005153 0.0000598 0.1153000
1.4852844 -2.3898156 0.4961484 0.9934019 -0.0005308 0.0000612 0.1146694
1.4902544 -2.3888712 0.4961333 0.9934743 -0.0005463 0.0000626 0.1140388
1.4952245 -2.3879267 0.4961183 0.9935468 -0.0005618 0.0000640 0.1134081
1.5001945 -2.3869823 0.4961032 0.9936192 -0.0005772 0.0000655 0.1127775
1.5051646 -2.3860379 0.4960882 0.9936893 -0.0005921 0.0000668 0.1121651
1.5101346 -2.3850934 0.4960732 0.9937476 -0.0006037 0.0000678 0.1116410
1.5151047 -2.3841490 0.4960581 0.9938060 -0.0006153 0.0000688 0.1111169
1.5200748 -2.3832045 0.4960431 0.9938643 -0.0006270 0.0000697 0.1105927
1.5250448 -2.3822601 0.4960281 0.9939227 -0.0006386 0.0000707 0.1100686
1.5300149 -2.3813156 0.4960130 0.9939811 -0.0006503 0.0000716 0.1095445
1.5349849 -2.3803712 0.4959980 0.9940380 -0.0006615 0.0000726 0.1090315
1.5399550 -2.3794268 0.4959830 0.9940870 -0.0006704 0.0000732 0.1085791
1.5449250 -2.3784823 0.4959679 0.9941360 -0.0006793 0.0000739 0.1081268
1.5498951 -2.3775379 0.4959529 0.9941850 -0.0006882 0.0000745 0.1076744
1.5548652 -2.3765934 0.4959378 0.9942340 -0.0006971 0.0000751 0.1072221
1.5598352 -2.3756490 0.4959228 0.9942831 -0.0007060 0.0000758 0.1067697
1.5648053 -2.3747045 0.4959078 0.9943327 -0.0007148 0.0000764 0.1063097
1.5697753 -2.3737601 0.4958927 0.9943863 -0.0007232 0.0000769 0.1058016
1.5747454 -2.3728157 0.4958777 0.9944398 -0.0007316 0.0000774 0.1052936
1.5797154 -2.3718712 0.4958627 0.9944934 -0.0007400 0.0000779 0.1047855
1.5846855 -2.3709268 0.4958476 0.9945469 -0.0007484 0.0000784 0.1042775
1.5896556 -2.3699823 0.4958326 0.9946005 -0.0007567 0.0000789 0.1037694
1.5946256 -2.3690379 0.4958176 0.9946543 -0.0007651 0.0000794 0.1032568
1.5995957 -2.3680934 0.4958025 0.9947101 -0.0007730 0.0000798 0.1027111
1.6045657 -2.3671490 0.4957875 0.9947659 -0.0007809 0.0000802 0.1021654
1.6095358 -2.3662046 0.4957724 0.9948216 -0.0007888 0.0000805 0.1016197
1.6145058 -2.3652601 0.4957574 0.9948774 -0.0007967 0.0000809 0.1010741
1.6194759 -2.3643157 0.4957424 0.9949332 -0.0008046 0.0000813 0.1005284
1.6245285 -2.3633607 0.4957275 0.9949884 -0.0008125 0.0000816 0.0999866
1.6302849 -2.3623155 0.4957138 0.9950387 -0.0008198 0.0000819 0.0994781
1.6360413 -2.3612703 0.4957002 0.9950890 -0.0008272 0.0000822 0.0989696
1.6417976 -2.3602252 0.4956865 0.9951394 -0.0008346 0.0000825 0.0984610
1.6475540 -2.3591800 0.4956729 0.9951897 -0.0008419 0.0000828 0.0979525
1.6533104 -2.3581349 0.4956592 0.9952400 -0.0008493 0.0000831 0.0974440
1.6591309 -2.3570815 0.4956457 0.9952899 -0.0008566 0.0000834 0.0969384
1.6656131 -2.3559434 0.4956333 0.9953355 -0.0008635 0.0000837 0.0964634
1.6720953 -2.3548052 0.4956209 0.9953811 -0.0008704 0.0000839 0.0959884
1.6785775 -2.3536671 0.4956085 0.9954267 -0.0008773 0.0000841 0.0955134
1.6850597 -2.3525290 0.4955961 0.9954723 -0.0008841 0.0000844 0.0950384
1.6915420 -2.3513909 0.4955837 0.9955179 -0.0008910 0.0000846 0.0945634
1.6980242 -2.3502527 0.4955714 0.9955635 -0.0008978 0.0000848 0.0940867
1.7045064 -2.3491146 0.4955590 0.9956099 -0.0009037 0.0000849 0.0935884
1.7109886 -2.3479765 0.4955466 0.9956562 -0.0009095 0.0000850 0.0930902
1.7174708 -2.3468384 0.4955342 0.9957026 -0.0009153 0.0000851 0.0925919
1.7239530 -2.3457002 0.4955218 0.9957489 -0.0009212 0.0000852 0.0920937
1.7304352 -2.3445621 0.4955094 0.9957953 -0.0009270 0.0000853 0.0915954
1.7369174 -2.3434240 0.4954971 0.9958416 -0.0009328 0.0000853 0.0910960
1.7433996 -2.3422859 0.4954847 0.9958883 -0.0009378 0.0000853 0.0905768
1.7498818 -2.3411477 0.4954723 0.9959350 -0.0009427 0.0000852 0.0900575
1.7563640 -2.3400096 0.4954599 0.9959817 -0.0009477 0.0000852 0.0895383
1.7628462 -2.3388715 0.4954475 0.9960284 -0.0009527 0.0000851 0.0890190
1.7693284 -2.3377333 0.4954351 0.9960751 -0.0009576 0.0000851 0.0884998
1.7758106 -2.3365952 0.4954228 0.9961211 -0.0009623 0.0000850 0.0879878
1.7822928 -2.3354571 0.4954104 0.9961501 -0.0009607 0.0000845 0.0876549
1.7887751 -2.3343190 0.4953980 0.9961792 -0.0009591 0.0000841 0.0873221
1.7952573 -2.3331808 0.4953856 0.9962083 -0.0009575 0.0000836 0.0869893
1.8017395 -2.3320427 0.4953732 0.9962373 -0.0009559 0.0000832 0.0866564
1.8082217 -2.3309046 0.4953608 0.9962664 -0.0009543 0.0000827 0.0863236
1.8147039 -2.3297665 0.4953485 0.9962952 -0.0009526 0.0000822 0.0859941
1.8211861 -2.3286283 0.4953361 0.9963107 -0.0009450 0.0000814 0.0858128
1.8276683 -2.3274902 0.4953237 0.9963263 -0.0009374 0.0000806 0.0856315
1.8341505 -2.3263521 0.4953113 0.9963419 -0.0009299 0.0000798 0.0854502
1.8406327 -2.3252140 0.4952989 0.9963574 -0.0009223 0.0000789 0.0852689
1.8471149 -2.3240758 0.4952866 0.9963730 -0.0009147 0.0000781 0.0850876
1.8535919 -2.3229387 0.4952742 0.9963885 -0.0009071 0.0000773 0.0849062
1.8591355 -2.3219792 0.4952650 0.9964041 -0.0008994 0.0000765 0.0847220
1.8646790 -2.3210197 0.4952559 0.9964197 -0.0008917 0.0000757 0.0845378
1.8702226 -2.3200602 0.4952467 0.9964353 -0.0008840 0.0000748 0.0843535
1.8757661 -2.3191007 0.4952375 0.9964509 -0.0008763 0.0000740 0.0841693
1.8813097 -2.3181412 0.4952284 0.9964665 -0.0008686 0.0000732 0.0839850
1.8868532 -2.3171816 0.4952192 0.9964822 -0.0008609 0.0000724 0.0838008
1.8915399 -2.3163852 0.4952130 0.9964978 -0.0008531 0.0000716 0.0836136
1.8962170 -2.3155906 0.4952068 0.9965134 -0.0008453 0.0000708 0.0834264
1.9008941 -2.3147959 0.4952006 0.9965291 -0.0008374 0.0000700 0.0832391
1.9055712 -2.3140013 0.4951944 0.9965447 -0.0008296 0.0000692 0.0830519
1.9102483 -2.3132067 0.4951882 0.9965604 -0.0008218 0.0000683 0.0828647
1.9149254 -2.3124120 0.4951820 0.9965760 -0.0008139 0.0000675 0.0826774
1.9196025 -2.3116174 0.4951758 0.9965775 -0.0008061 0.0000669 0.0826599
1.9242796 -2.3108228 0.4951696 0.9965785 -0.0007983 0.0000662 0.0826472
1.9289567 -2.3100282 0.4951634 0.9965796 -0.0007905 0.0000655 0.0826344
1.9336338 -2.3092335 0.4951573 0.9965807 -0.0007826 0.0000649 0.0826217
1.9383110 -2.3084389 0.4951511 0.9965817 -0.0007748 0.0000642 0.0826090
1.9429881 -2.3076443 0.4951449 0.9965828 -0.0007670 0.0000636 0.0825962
1.9476652 -2.3068496 0.4951387 0.9965699 -0.0007586 0.0000630 0.0827515
1.9523423 -2.3060550 0.4951325 0.9965563 -0.0007503 0.0000624 0.0829144
1.9570194 -2.3052604 0.4951263 0.9965427 -0.0007419 0.0000618 0.0830774
1.9616965 -2.3044657 0.4951201 0.9965291 -0.0007335 0.0000613 0.0832404
1.9663736 -2.3036711 0.4951139 0.9965155 -0.0007252 0.0000607 0.0834034
1.9710507 -2.3028765 0.4951077 0.9965020 -0.0007168 0.0000601 0.0835663
1.9757278 -2.3020819 0.4951015 0.9964842 -0.0007096 0.0000597 0.0837761
1.9804049 -2.3012872 0.4950953 0.9964663 -0.0007025 0.0000592 0.0839890
1.9850820 -2.3004926 0.4950892 0.9964483 -0.0006954 0.0000587 0.0842018
1.9897591 -2.2996980 0.4950830 0.9964303 -0.0006883 0.0000583 0.0844146
1.9944362 -2.2989033 0.4950768 0.9964123 -0.0006812 0.0000578 0.0846274
1.9991133 -2.2981087 0.4950706 0.9963943 -0.0006741 0.0000574 0.0848402
2.0037904 -2.2973141 0.4950644 0.9963710 -0.0006681 0.0000571 0.0851121
2.0084675 -2.2965194 0.4950582 0.9963472 -0.0006622 0.0000567 0.0853890
2.0131446 -2.2957248 0.4950520 0.9963234 -0.0006562 0.0000564 0.0856659
2.0178217 -2.2949302 0.4950458 0.9962995 -0.0006503 0.0000561 0.0859427
2.0224988 -2.2941355 0.4950396 0.9962757 -0.0006444 0.0000558 0.0862196
2.0271759 -2.2933409 0.4950334 0.9962519 -0.0006385 0.0000554 0.0864965
2.0316199 -2.2926507 0.4950284 0.9962237 -0.0006316 0.0000550 0.0868180
2.0360397 -2.2919713 0.4950235 0.9961951 -0.0006246 0.0000546 0.0871441
2.0404595 -2.2912919 0.4950185 0.9961665 -0.0006176 0.0000542 0.0874702
2.0448793 -2.2906125 0.4950136 0.9961378 -0.0006106 0.0000538 0.0877963
2.0492992 -2.2899331 0.4950087 0.9961092 -0.0006036 0.0000534 0.0881224
2.0537190 -2.2892537 0.4950038 0.9960805 -0.0005967 0.0000530 0.0884485
2.0579275 -2.2886690 0.4949999 0.9960462 -0.0005885 0.0000525 0.0888312
2.0621099 -2.2880959 0.4949961 0.9960111 -0.0005801 0.0000519 0.0892210
2.0662922 -2.2875229 0.4949923 0.9959760 -0.0005718 0.0000514 0.0896107
2.0704745 -2.2869499 0.4949886 0.9959409 -0.0005634 0.0000509 0.0900004
2.0746568 -2.2863769 0.4949848 0.9959058 -0.0005551 0.0000504 0.0903902
2.0788392 -2.2858039 0.4949811 0.9958708 -0.0005467 0.0000498 0.0907799
2.0830215 -2.2852308 0.4949773 0.9958775 -0.0005351 0.0000487 0.0907064
2.0872038 -2.2846578 0.4949735 0.9958903 -0.0005230 0.0000476 0.0905653
2.0913861 -2.2840848 0.4949698 0.9959031 -0.0005109 0.0000464 0.0904243
2.0955685 -2.2835118 0.4949660 0.9959159 -0.0004988 0.0000452 0.0902833
2.0997508 -2.2829388 0.4949623 0.9959287 -0.0004866 0.0000441 0.0901422
2.1039331 -2.2823657 0.4949585 0.9959415 -0.0004745 0.0000429 0.0900012
2.1081154 -2.2817927 0.4949548 0.9959993 -0.0004594 0.0000413 0.0893462
2.1122978 -2.2812197 0.4949510 0.9960646 -0.0004438 0.0000396 0.0886050
2.1164801 -2.2806467 0.4949472 0.9961299 -0.0004282 0.0000379 0.0878637
2.1206624 -2.2800737 0.4949435 0.9961952 -0.0004126 0.0000362 0.0871225
2.1248447 -2.2795006 0.4949397 0.9962605 -0.0003970 0.0000345 0.0863813
2.1290270 -2.2789276 0.4949360 0.9963258 -0.0003814 0.0000328 0.0856400
2.1332094 -2.2783546 0.4949322 0.9963916 -0.0003675 0.0000313 0.0848588
2.1373917 -2.2777816 0.4949284 0.9964574 -0.0003539 0.0000299 0.0840700
2.1415740 -2.2772086 0.4949247 0.9965232 -0.0003403 0.0000285 0.0832812
2.1457563 -2.2766355 0.4949209 0.9965890 -0.0003268 0.0000271 0.0824923
2.1499387 -2.2760625 0.4949172 0.9966548 -0.0003132 0.0000257 0.0817035
2.1541210 -2.2754895 0.4949134 0.9967207 -0.0002996 0.0000243 0.0809147
2.1583033 -2.2749165 0.4949096 0.9967845 -0.0002882 0.0000232 0.0801114
2.1624856 -2.2743435 0.4949059 0.9968478 -0.0002773 0.0000221 0.0793050
2.1666680 -2.2737704 0.4949021 0.9969112 -0.0002664 0.0000211 0.0784987
2.1708503 -2.2731974 0.4948984 0.9969746 -0.0002554 0.0000200 0.0776923
2.1750326 -2.2726244 0.4948946 0.9970380 -0.0002445 0.0000189 0.0768859
2.1792149 -2.2720514 0.4948908 0.9971014 -0.0002336 0.0000178 0.0760796
2.1815491 -2.2716063 0.4948898 0.9971639 -0.0002222 0.0000168 0.0752404
2.1834403 -2.2711919 0.4948894 0.9972262 -0.0002107 0.0000158 0.0743934
2.1853315 -2.2707775 0.4948889 0.9972885 -0.0001992 0.0000148 0.0735464
2.1872226 -2.2703631 0.4948885 0.9973508 -0.0001877 0.0000138 0.0726994
2.1891138 -2.2699487 0.4948881 0.9974132 -0.0001762 0.0000128 0.0718524
2.1910049 -2.2695343 0.4948877 0.9974755 -0.0001647 0.0000117 0.0710054
2.1912252 -2.2692356 0.4948897 0.9975366 -0.0001528 0.0000108 0.0701240
2.1910014 -2.2689677 0.4948923 0.9975975 -0.0001407 0.0000098 0.0692334
2.1907777 -2.2686997 0.4948950 0.9976583 -0.0001286 0.0000089 0.0683428
2.1905539 -2.2684317 0.4948976 0.9977191 -0.0001165 0.0000080 0.0674523
2.1903302 -2.2681638 0.4949003 0.9977800 -0.0001044 0.0000070 0.0665617
2.1901064 -2.2678958 0.4949029 0.9978408 -0.0000923 0.0000061 0.0656711
2.1898827 -2.2676278 0.4949056 0.9978783 -0.0000749 0.0000049 0.0650997
2.1896589 -2.2673599 0.4949082 0.9979090 -0.0000558 0.0000037 0.0646219
2.1894351 -2.2670919 0.4949109 0.9979396 -0.0000368 0.0000024 0.0641440
2.1892114 -2.2668239 0.4949135 0.9979703 -0.0000178 0.0000012 0.0636661
2.1889876 -2.2665560 0.4949162 0.9980009 0.0000012 -0.0000000 0.0631883
2.1887639 -2.2662880 0.4949189 0.9980316 0.0000203 -0.0000013 0.0627104
2.1885401 -2.2660200 0.4949215 0.9980428 0.0000476 -0.0000030 0.0625348
2.1883163 -2.2657521 0.4949242 0.9980477 0.0000777 -0.0000048 0.0624562
2.1880926 -2.2654841 0.4949268 0.9980526 0.0001077 -0.0000067 0.0623776
2.1878688 -2.2652161 0.4949295 0.9980575 0.0001377 -0.0000086 0.0622991
2.1876451 -2.2649482 0.4949321 0.9980624 0.0001678 -0.0000104 0.0622205
2.1874213 -2.2646802 0.4949348 0.9980673 0.0001978 -0.0000123 0.0621419
2.1871976 -2.2644122 0.4949374 0.9980652 0.0002323 -0.0000145 0.0621755
2.1869738 -2.2641443 0.4949401 0.9980606 0.0002683 -0.0000168 0.0622485
2.1867500 -2.2638763 0.4949427 0.9980561 0.0003044 -0.0000190 0.0623214
2.1865263 -2.2636083 0.4949454 0.9980515 0.0003404 -0.0000213 0.0623944
2.1863025 -2.2633404 0.4949480 0.9980469 0.0003765 -0.0000236 0.0624673
2.1860788 -2.2630724 0.4949507 0.9980424 0.0004125 -0.0000259 0.0625403
2.1858550 -2.2628044 0.4949533 0.9980280 0.0004547 -0.0000286 0.0627659
2.1856312 -2.2625365 0.4949560 0.9980099 0.0004993 -0.0000316 0.0630498
2.1854075 -2.2622685 0.4949587 0.9979919 0.0005438 -0.0000346 0.0633337
2.1851837 -2.2620005 0.4949613 0.9979738 0.0005884 -0.0000376 0.0636176
2.1849600 -2.2617326 0.4949640 0.9979558 0.0006329 -0.0000406 0.0639016
2.1847362 -2.2614646 0.4949666 0.9979377 0.0006774 -0.0000436 0.0641855
2.1858387 -2.2612883 0.4949691 0.9979141 0.0007341 -0.0000476 0.0645466
2.1874903 -2.2611500 0.4949715 0.9978883 0.0007957 -0.0000520 0.0649396
2.1891419 -2.2610117 0.4949740 0.9978625 0.0008574 -0.0000564 0.0653327
2.1907935 -2.2608733 0.4949764 0.9978366 0.0009190 -0.0000607 0.0657257
2.1924451 -2.2607350 0.4949788 0.9978108 0.0009807 -0.0000651 0.0661188
2.1940967 -2.2605967 0.4949812 0.9977849 0.0010423 -0.0000695 0.0665119
2.1969439 -2.2605410 0.4949835 0.9977494 0.0011242 -0.0000757 0.0670341
2.2003266 -2.2605223 0.4949857 0.9977095 0.0012152 -0.0000827 0.0676141
2.2037093 -2.2605037 0.4949879 0.9976697 0.0013061 -0.0000898 0.0681942
2.2070920 -2.2604850 0.4949901 0.9976298 0.0013971 -0.0000968 0.0687743
2.2104747 -2.2604664 0.4949923 0.9975899 0.0014880 -0.0001038 0.0693543
2.2138575 -2.2604477 0.4949946 0.9975500 0.0015790 -0.0001108 0.0699344
2.2172402 -2.2604291 0.4949968 0.9974674 0.0016836 -0.0001205 0.0710560
2.2206229 -2.2604104 0.4949990 0.9973641 0.0017948 -0.0001315 0.0724395
2.2240056 -2.2603917 0.4950012 0.9972609 0.0019060 -0.0001425 0.0738229
2.2273883 -2.2603731 0.4950034 0.9971576 0.0020173 -0.0001535 0.0752064
2.2307710 -2.2603544 0.4950056 0.9970543 0.0021285 -0.0001645 0.0765899
2.2341538 -2.2603358 0.4950078 0.9969510 0.0022397 -0.0001755 0.0779733
2.2375365 -2.2603171 0.4950100 0.9967714 0.0023617 -0.0001910 0.0801147
2.2409192 -2.2602985 0.4950122 0.9965519 0.0024894 -0.0002088 0.0826509
2.2443019 -2.2602798 0.4950145 0.9963324 0.0026171 -0.0002267 0.0851871
2.2476846 -2.2602612 0.4950167 0.9961129 0.0027448 -0.0002446 0.0877233
2.2510674 -2.2602425 0.4950189 0.9958935 0.0028724 -0.0002624 0.0902595
2.2544501 -2.2602238 0.4950211 0.9956740 0.0030001 -0.0002803 0.0927957
2.2578328 -2.2602052 0.4950233 0.9954860 0.0030876 -0.0002944 0.0948040
2.2612155 -2.2601865 0.4950255 0.9953157 0.0031527 -0.0003065 0.0965164
2.2645982 -2.2601679 0.4950277 0.9951453 0.0032177 -0.0003186 0.0982288
2.2679810 -2.2601492 0.4950299 0.9949750 0.0032828 -0.0003307 0.0999413
2.2713637 -2.2601306 0.4950321 0.9948046 0.0033478 -0.0003428 0.1016537
2.2747464 -2.2601119 0.4950344 0.9946343 0.0034129 -0.0003549 0.1033661
2.2781291 -2.2600933 0.4950366 0.9945630 0.0034187 -0.0003577 0.1040798
2.2815118 -2.2600746 0.4950388 0.9945513 0.0033888 -0.0003550 0.1041924
2.2848946 -2.2600559 0.4950410 0.9945396 0.0033590 -0.0003523 0.1043050
2.2882773 -2.2600373 0.4950432 0.9945278 0.0033292 -0.0003495 0.1044177
2.2916600 -2.2600186 0.4950454 0.9945161 0.0032994 -0.0003468 0.1045303
2.2950427 -2.2600000 0.4950476 0.9945044 0.0032696 -0.0003440 0.1046429
2.2969706 -2.2599843 0.4950522 0.9944936 0.0032422 -0.0003415 0.1047462
2.2979595 -2.2599706 0.4950583 0.9944834 0.0032164 -0.0003391 0.1048435
2.2989484 -2.2599569 0.4950645 0.9944732 0.0031907 -0.0003367 0.1049408
2.2999373 -2.2599432 0.4950706 0.9944631 0.0031649 -0.0003343 0.1050381
2.3009262 -2.2599294 0.4950767 0.9944529 0.0031392 -0.0003319 0.1051354
2.3019151 -2.2599157 0.4950828 0.9944427 0.0031134 -0.0003295 0.1052327
2.3015978 -2.2599047 0.4950911 0.9944332 0.0030896 -0.0003272 0.1053227
2.3003770 -2.2598956 0.4951008 0.9944243 0.0030671 -0.0003251 0.1054076
2.2991562 -2.2598864 0.4951105 0.9944154 0.0030446 -0.0003230 0.1054925
2.2979354 -2.2598772 0.4951203 0.9944064 0.0030221 -0.0003208 0.1055774
2.2967146 -2.2598681 0.4951300 0.9943975 0.0029996 -0.0003187 0.1056623
2.2954939 -2.2598589 0.4951397 0.9943885 0.0029772 -0.0003166 0.1057472
2.2942731 -2.2598498 0.4951494 0.9943457 0.0029522 -0.0003151 0.1061439
2.2930523 -2.2598406 0.4951592 0.9942778 0.0029255 -0.0003140 0.1067714
2.2918315 -2.2598314 0.4951689 0.9942100 0.0028987 -0.0003130 0.1073989
2.2906108 -2.2598223 0.4951786 0.9941421 0.0028720 -0.0003119 0.1080265
2.2893900 -2.2598131 0.4951884 0.9940742 0.0028452 -0.0003109 0.1086540
2.2881692 -2.2598040 0.4951981 0.9940063 0.0028185 -0.0003098 0.1092815
2.2869484 -2.2597948 0.4952078 0.9939140 0.0027909 -0.0003091 0.1101091
2.2857276 -2.2597856 0.4952176 0.9938024 0.0027625 -0.0003086 0.1110952
2.2845069 -2.2597765 0.4952273 0.9936909 0.0027342 -0.0003081 0.1120812
2.2832861 -2.2597673 0.4952370 0.9935793 0.0027058 -0.0003077 0.1130673
2.2820653 -2.2597582 0.4952467 0.9934677 0.0026775 -0.0003072 0.1140533
2.2808445 -2.2597490 0.4952565 0.9933561 0.0026492 -0.0003067 0.1150394
2.2796238 -2.2597399 0.4952662 0.9930942 0.0026424 -0.0003119 0.1171666
2.2784030 -2.2597307 0.4952759 0.9927050 0.0026540 -0.0003218 0.1202604
2.2771822 -2.2597215 0.4952857 0.9923158 0.0026655 -0.0003317 0.1233542
2.2759614 -2.2597124 0.4952954 0.9919266 0.0026771 -0.0003416 0.1264479
2.2747407 -2.2597032 0.4953051 0.9915374 0.0026887 -0.0003515 0.1295417
2.2735199 -2.2596941 0.4953148 0.9911482 0.0027002 -0.0003615 0.1326355
2.2722991 -2.2596849 0.4953246 0.9904990 0.0027311 -0.0003790 0.1371344
2.2710783 -2.2596757 0.4953343 0.9896144 0.0027795 -0.0004035 0.1429055
2.2698575 -2.2596666 0.4953440 0.9887298 0.0028279 -0.0004279 0.1486765
2.2686368 -2.2596574 0.4953538 0.9878452 0.0028763 -0.0004524 0.1544476
2.2674160 -2.2596483 0.4953635 0.9869605 0.0029247 -0.0004768 0.1602186
2.2661952 -2.2596391 0.4953732 0.9860759 0.0029730 -0.0005013 0.1659897
2.2655266 -2.2594948 0.4953817 0.9849862 0.0030232 -0.0005297 0.1722286
2.2653923 -2.2592199 0.4953889 0.9836982 0.0030750 -0.0005620 0.1789200
2.2652579 -2.2589449 0.4953961 0.9824101 0.0031268 -0.0005942 0.1856115
2.2651235 -2.2586699 0.4954033 0.9811220 0.0031786 -0.0006265 0.1923030
2.2649891 -2.2583950 0.4954105 0.9798339 0.0032304 -0.0006588 0.1989945
2.2648548 -2.2581200 0.4954177 0.9785459 0.0032822 -0.0006910 0.2056860
2.2652135 -2.2577244 0.4954237 0.9769839 0.0033347 -0.0007280 0.2128841
2.2660820 -2.2572041 0.4954286 0.9751387 0.0033881 -0.0007699 0.2206060
2.2669504 -2.2566837 0.4954334 0.9732935 0.0034414 -0.0008117 0.2283278
2.2678189 -2.2561634 0.4954383 0.9714483 0.0034947 -0.0008536 0.2360497
2.2686874 -2.2556431 0.4954432 0.9696032 0.0035480 -0.0008955 0.2437716
2.2695558 -2.2551227 0.4954480 0.9677580 0.0036013 -0.0009373 0.2514934
2.2704243 -2.2546024 0.4954529 0.9660891 0.0036263 -0.0009685 0.2580310
2.2712927 -2.2540821 0.4954578 0.9646151 0.0036201 -0.0009880 0.2632602
2.2721612 -2.2535617 0.4954626 0.9631410 0.0036139 -0.0010074 0.2684895
2.2730297 -2.2530414 0.4954675 0.9616669 0.0036077 -0.0010268 0.2737188
2.2738981 -2.2525211 0.4954724 0.9601928 0.0036015 -0.0010463 0.2789480
2.2747666 -2.2520007 0.4954772 0.9587188 0.0035953 -0.0010657 0.2841773
2.2756351 -2.2514804 0.4954821 0.9576474 0.0035672 -0.0010721 0.2879012
2.2765035 -2.2509601 0.4954870 0.9570514 0.0035133 -0.0010632 0.2898475
2.2773720 -2.2504398 0.4954918 0.9564554 0.0034594 -0.0010544 0.2917939
2.2782404 -2.2499194 0.4954967 0.9558595 0.0034054 -0.0010455 0.2937402
2.2791089 -2.2493991 0.4955016 0.9552635 0.0033515 -0.0010366 0.2956865
2.2799774 -2.2488788 0.4955064 0.9546675 0.0032976 -0.0010277 0.2976329
2.2808458 -2.2483584 0.4955113 0.9548091 0.0032219 -0.0010037 0.2971430
2.2817143 -2.2478381 0.4955161 0.9558819 0.0031185 -0.0009606 0.2935774
2.2825828 -2.2473178 0.4955210 0.9569546 0.0030152 -0.0009176 0.2900118
2.2834512 -2.2467974 0.4955259 0.9580273 0.0029119 -0.0008745 0.2864462
2.2843197 -2.2462771 0.4955307 0.9591001 0.0028086 -0.0008314 0.2828806
2.2851882 -2.2457568 0.4955356 0.9601728 0.0027053 -0.0007883 0.2793150
2.2860566 -2.2452364 0.4955405 0.9614750 0.0025978 -0.0007441 0.2747116
2.2869251 -2.2447161 0.4955453 0.9630872 0.0024849 -0.0006984 0.2687065
2.2877935 -2.2441958 0.4955502 0.9646995 0.0023720 -0.0006527 0.2627015
2.2886620 -2.2436754 0.4955551 0.9663117 0.0022591 -0.0006070 0.2566964
2.2895305 -2.2431551 0.4955599 0.9679239 0.0021461 -0.0005613 0.2506913
2.2903989 -2.2426348 0.4955648 0.9695361 0.0020332 -0.0005156 0.2446862
2.2913976 -2.2420329 0.4955698 0.9708779 0.0019346 -0.0004780 0.2394839
2.2925845 -2.2413132 0.4955752 0.9718288 0.0018566 -0.0004521 0.2354424
2.2937714 -2.2405934 0.4955805 0.9727797 0.0017786 -0.0004261 0.2314009
2.2949583 -2.2398736 0.4955858 0.9737306 0.0017006 -0.0004002 0.2273594
2.2961452 -2.2391539 0.4955911 0.9746815 0.0016227 -0.0003743 0.2233179
2.2973320 -2.2384341 0.4955965 0.9756324 0.0015447 -0.0003483 0.2192764
2.2986342 -2.2376421 0.4956020 0.9764517 0.0014751 -0.0003262 0.2156864
2.3001151 -2.2367383 0.4956077 0.9770668 0.0014186 -0.0003101 0.2127958
2.3015959 -2.2358344 0.4956135 0.9776820 0.0013621 -0.0002940 0.2099052
2.3030767 -2.2349306 0.4956192 0.9782972 0.0013055 -0.0002778 0.2070146
2.3045576 -2.2340267 0.4956250 0.9789124 0.0012490 -0.0002617 0.2041240
2.3060384 -2.2331229 0.4956307 0.9795275 0.0011925 -0.0002456 0.2012335
2.3075192 -2.2322190 0.4956365 0.9800606 0.0011428 -0.0002318 0.1986732
2.3090000 -2.2313152 0.4956422 0.9804570 0.0011047 -0.0002221 0.1966619
2.3104809 -2.2304113 0.4956480 0.9808535 0.0010665 -0.0002124 0.1946506
2.3119617 -2.2295075 0.4956537 0.9812500 0.0010284 -0.0002026 0.1926393
2.3134425 -2.2286036 0.4956595 0.9816465 0.0009902 -0.0001929 0.1906280
2.3149234 -2.2276998 0.4956652 0.9820429 0.0009520 -0.0001831 0.1886167
2.3164042 -2.2267959 0.4956710 0.9823931 0.0009182 -0.0001747 0.1868114
2.3178850 -2.2258920 0.4956767 0.9826608 0.0008921 -0.0001685 0.1853737
2.3193659 -2.2249882 0.4956825 0.9829285 0.0008660 -0.0001624 0.1839359
2.3208467 -2.2240843 0.4956882 0.9831961 0.0008399 -0.0001563 0.1824982
2.3223275 -2.2231805 0.4956939 0.9834638 0.0008139 -0.0001501 0.1810604
2.3238083 -2.2222766 0.4956997 0.9837314 0.0007878 -0.0001440 0.1796227
2.3252892 -2.2213728 0.4957054 0.9839664 0.0007656 -0.0001388 0.1783468
2.3267700 -2.2204689 0.4957112 0.9841388 0.0007509 -0.0001354 0.1773815
2.3282508 -2.2195651 0.4957169 0.9843112 0.0007362 -0.0001321 0.1764163
2.3297317 -2.2186612 0.4957227 0.9844835 0.0007215 -0.0001287 0.1754510
2.3312125 -2.2177574 0.4957284 0.9846559 0.0007068 -0.0001254 0.1744857
2.3326933 -2.2168535 0.4957342 0.9848283 0.0006921 -0.0001220 0.1735205
2.3341742 -2.2159497 0.4957399 0.9849824 0.0006798 -0.0001192 0.1726509
2.3356550 -2.2150458 0.4957457 0.9850989 0.0006726 -0.0001175 0.1719794
2.3371358 -2.2141420 0.4957514 0.9852153 0.0006654 -0.0001157 0.1713078
2.3386166 -2.2132381 0.4957572 0.9853318 0.0006582 -0.0001140 0.1706362
2.3400975 -2.2123343 0.4957629 0.9854482 0.0006510 -0.0001123 0.1699646
2.3415783 -2.2114304 0.4957687 0.9855647 0.0006438 -0.0001106 0.1692931
2.3434958 -2.2104981 0.4957735 0.9856764 0.0006368 -0.0001090 0.1686444
2.3463878 -2.2095025 0.4957763 0.9857777 0.0006303 -0.0001075 0.1680467
2.3492799 -2.2085068 0.4957790 0.9858789 0.0006239 -0.0001060 0.1674490
2.3521720 -2.2075111 0.4957818 0.9859802 0.0006175 -0.0001045 0.1668513
2.3550641 -2.2065154 0.4957846 0.9860815 0.0006111 -0.0001031 0.1662536
2.3579561 -2.2055197 0.4957873 0.9861827 0.0006046 -0.0001016 0.1656560
2.3612297 -2.2044992 0.4957893 0.9862803 0.0005984 -0.0001002 0.1650766
2.3654244 -2.2034187 0.4957893 0.9863691 0.0005926 -0.0000989 0.1645413
2.3696192 -2.2023383 0.4957893 0.9864579 0.0005869 -0.0000976 0.1640060
2.3738139 -2.2012578 0.4957893 0.9865467 0.0005811 -0.0000963 0.1634707
2.3780087 -2.2001773 0.4957893 0.9866355 0.0005753 -0.0000950 0.1629355
2.3822035 -2.1990969 0.4957893 0.9867242 0.0005695 -0.0000938 0.1624002
2.3863982 -2.1980164 0.4957893 0.9868392 0.0005633 -0.0000923 0.1616968
2.3905930 -2.1969360 0.4957893 0.9870230 0.0005560 -0.0000905 0.1605529
2.3947878 -2.1958555 0.4957893 0.9872067 0.0005487 -0.0000887 0.1594090
2.3989825 -2.1947750 0.4957893 0.9873904 0.0005414 -0.0000869 0.1582651
2.4031773 -2.1936946 0.4957893 0.9875741 0.0005341 -0.0000850 0.1571213
2.4073720 -2.1926141 0.4957893 0.9877578 0.0005267 -0.0000832 0.1559774
2.4115668 -2.1915336 0.4957893 0.9879566 0.0005191 -0.0000813 0.1547180
2.4157616 -2.1904532 0.4957893 0.9881982 0.0005107 -0.0000792 0.1531294
2.4199563 -2.1893727 0.4957893 0.9884398 0.0005024 -0.0000771 0.1515407
2.4241511 -2.1882923 0.4957893 0.9886814 0.0004940 -0.0000750 0.1499521
2.4283458 -2.1872118 0.4957893 0.9889230 0.0004856 -0.0000730 0.1483634
2.4325406 -2.1861313 0.4957893 0.9891646 0.0004772 -0.0000709 0.1467747
2.4367354 -2.1850509 0.4957893 0.9894005 0.0004690 -0.0000688 0.1452001
2.4409301 -2.1839704 0.4957893 0.9896185 0.0004613 -0.0000670 0.1436692
2.4451249 -2.1828899 0.4957893 0.9898365 0.0004537 -0.0000652 0.1421382
2.4493197 -2.1818095 0.4957893 0.9900545 0.0004460 -0.0000635 0.1406073
2.4535144 -2.1807290 0.4957893 0.9902725 0.0004383 -0.0000617 0.1390763
2.4577092 -2.1796486 0.4957893 0.9904905 0.0004307 -0.0000599 0.1375454
2.4619039 -2.1785681 0.4957893 0.9907041 0.0004231 -0.0000581 0.1360230
2.4660987 -2.1774876 0.4957893 0.9909027 0.0004160 -0.0000565 0.1345299
2.4702935 -2.1764072 0.4957893 0.9911013 0.0004089 -0.0000550 0.1330368
2.4744882 -2.1753267 0.4957893 0.9913000 0.0004018 -0.0000534 0.1315438
2.4786830 -2.1742462 0.4957893 0.9914986 0.0003946 -0.0000518 0.1300507
2.4828777 -2.1731658 0.4957893 0.9916972 0.0003875 -0.0000503 0.1285576
2.4870591 -2.1720726 0.4957897 0.9918898 0.0003805 -0.0000488 0.1270914
2.4911901 -2.1709315 0.4957920 0.9920594 0.0003739 -0.0000474 0.1257261
2.4953211 -2.1697904 0.4957943 0.9922290 0.0003674 -0.0000461 0.1243608
2.4994520 -2.1686494 0.4957966 0.9923986 0.0003609 -0.0000448 0.1229956
2.5035830 -2.1675083 0.4957989 0.9925682 0.0003543 -0.0000435 0.1216303
2.5077140 -2.1663672 0.4958012 0.9927378 0.0003478 -0.0000422 0.1202650
2.5118335 -2.1652153 0.4958040 0.9929027 0.0003413 -0.0000409 0.1189216
2.5159056 -2.1640183 0.4958084 0.9930482 0.0003353 -0.0000398 0.1176691
2.5199777 -2.1628212 0.4958128 0.9931937 0.0003292 -0.0000387 0.1164166
2.5240498 -2.1616242 0.4958172 0.9933392 0.0003232 -0.0000375 0.1151642
2.5281219 -2.1604272 0.4958216 0.9934847 0.0003172 -0.0000364 0.1139117
2.5321940 -2.1592301 0.4958261 0.9936302 0.0003112 -0.0000353 0.1126593
2.5362660 -2.1580331 0.4958305 0.9937682 0.0003058 -0.0000343 0.1114614
2.5403381 -2.1568361 0.4958349 0.9938715 0.0003035 -0.0000338 0.1105179
2.5444102 -2.1556390 0.4958393 0.9939748 0.0003012 -0.0000332 0.1095744
2.5484823 -2.1544420 0.4958438 0.9940780 0.0002989 -0.0000327 0.1086309
2.5525544 -2.1532450 0.4958482 0.9941813 0.0002966 -0.0000321 0.1076873
2.5566265 -2.1520479 0.4958526 0.9942845 0.0002943 -0.0000316 0.1067438
2.5606986 -2.1508509 0.4958570 0.9943837 0.0002925 -0.0000311 0.1058317
2.5647706 -2.1496539 0.4958614 0.9944617 0.0002934 -0.0000310 0.1050844
2.5688427 -2.1484568 0.4958659 0.9945396 0.0002943 -0.0000309 0.1043371
2.5729148 -2.1472598 0.4958703 0.9946175 0.0002951 -0.0000307 0.1035898
2.5769869 -2.1460628 0.4958747 0.9946954 0.0002960 -0.0000306 0.1028426
2.5810590 -2.1448657 0.4958791 0.9947733 0.0002968 -0.0000305 0.1020953
2.5851311 -2.1436687 0.4958836 0.9948485 0.0002983 -0.0000304 0.1013710
2.5892031 -2.1424717 0.4958880 0.9949073 0.0003031 -0.0000307 0.1007836
2.5932752 -2.1412746 0.4958924 0.9949662 0.0003079 -0.0000310 0.1001963
2.5973473 -2.1400776 0.4958968 0.9950250 0.0003127 -0.0000313 0.0996089
2.6014194 -2.1388806 0.4959012 0.9950839 0.0003175 -0.0000316 0.0990216
2.6054915 -2.1376835 0.4959057 0.9951427 0.0003223 -0.0000319 0.0984343
2.6095636 -2.1364865 0.4959101 0.9951997 0.0003277 -0.0000322 0.0978636
2.6136357 -2.1352895 0.4959145 0.9952440 0.0003368 -0.0000329 0.0974072
2.6177077 -2.1340924 0.4959189 0.9952882 0.0003460 -0.0000337 0.0969508
2.6217798 -2.1328954 0.4959234 0.9953325 0.0003551 -0.0000344 0.0964944
2.6258519 -2.1316984 0.4959278 0.9953768 0.0003643 -0.0000351 0.0960380
2.6299240 -2.1305013 0.4959322 0.9954210 0.0003734 -0.0000358 0.0955816
2.6340604 -2.1293446 0.4959365 0.9954657 0.0003827 -0.0000366 0.0951195
2.6387144 -2.1285124 0.4959396 0.9955135 0.0003928 -0.0000373 0.0946111
2.6433684 -2.1276802 0.4959428 0.9955613 0.0004030 -0.0000381 0.0941027
2.6480225 -2.1268480 0.4959460 0.9956091 0.0004132 -0.0000388 0.0935943
2.6526765 -2.1260158 0.4959491 0.9956570 0.0004234 -0.0000395 0.0930859
2.6573305 -2.1251835 0.4959523 0.9957048 0.0004336 -0.0000403 0.0925775
2.6620350 -2.1243830 0.4959553 0.9957530 0.0004439 -0.0000410 0.0920634
2.6672262 -2.1238875 0.4959573 0.9958047 0.0004553 -0.0000418 0.0914937
2.6724175 -2.1233920 0.4959593 0.9958564 0.0004667 -0.0000426 0.0909239
2.6776087 -2.1228966 0.4959613 0.9959081 0.0004781 -0.0000433 0.0903542
2.6827999 -2.1224011 0.4959633 0.9959598 0.0004895 -0.0000441 0.0897844
2.6879911 -2.1219057 0.4959653 0.9960115 0.0005009 -0.0000448 0.0892147
2.6931823 -2.1214102 0.4959673 0.9960609 0.0005124 -0.0000456 0.0886704
2.6983735 -2.1209148 0.4959693 0.9960822 0.0005248 -0.0000466 0.0884293
2.7035647 -2.1204193 0.4959712 0.9961034 0.0005372 -0.0000475 0.0881883
2.7087560 -2.1199239 0.4959732 0.9961247 0.0005496 -0.0000485 0.0879472
2.7139472 -2.1194284 0.4959752 0.9961460 0.0005620 -0.0000495 0.0877062
2.7191384 -2.1189329 0.4959772 0.9961673 0.0005744 -0.0000504 0.0874651
2.7243296 -2.1184375 0.4959792 0.9961866 0.0005869 -0.0000514 0.0872461
2.7295208 -2.1179420 0.4959812 0.9961760 0.0006003 -0.0000527 0.0873670
2.7347120 -2.1174466 0.4959832 0.9961653 0.0006138 -0.0000539 0.0874880
2.7399033 -2.1169511 0.4959852 0.9961547 0.0006273 -0.0000552 0.0876090
2.7450945 -2.1164557 0.4959872 0.9961440 0.0006408 -0.0000564 0.0877299
2.7502857 -2.1159602 0.4959892 0.9961334 0.0006543 -0.0000577 0.0878509
2.7554769 -2.1154647 0.4959911 0.9961231 0.0006677 -0.0000590 0.0879680
2.7606681 -2.1149693 0.4959931 0.9961201 0.0006794 -0.0000600 0.0880019
2.7658593 -2.1144738 0.4959951 0.9961171 0.0006912 -0.0000611 0.0880357
2.7710505 -2.1139784 0.4959971 0.9961141 0.0007030 -0.0000622 0.0880695
2.7762418 -2.1134829 0.4959991 0.9961111 0.0007148 -0.0000632 0.0881034
2.7814330 -2.1129875 0.4960011 0.9961081 0.0007266 -0.0000643 0.0881372
2.7866242 -2.1124920 0.4960031 0.9961053 0.0007383 -0.0000654 0.0881684
2.7918154 -2.1119965 0.4960051 0.9961109 0.0007483 -0.0000662 0.0881055
2.7970066 -2.1115011 0.4960071 0.9961164 0.0007583 -0.0000670 0.0880427
2.8021978 -2.1110056 0.4960091 0.9961219 0.0007683 -0.0000679 0.0879799
2.8073891 -2.1105102 0.4960110 0.9961275 0.0007783 -0.0000687 0.0879170
2.8125803 -2.1100147 0.4960130 0.9961330 0.0007883 -0.0000695 0.0878542
2.8177430 -2.1095229 0.4960151 0.9961386 0.0007983 -0.0000704 0.0877913
2.8203579 -2.1093563 0.4960190 0.9961449 0.0008098 -0.0000713 0.0877193
2.8229728 -2.1091897 0.4960229 0.9961512 0.0008212 -0.0000723 0.0876474
2.8255877 -2.1090230 0.4960269 0.9961575 0.0008327 -0.0000732 0.0875754
2.8282025 -2.1088564 0.4960308 0.9961638 0.0008441 -0.0000741 0.0875035
2.8308174 -2.1086898 0.4960348 0.9961701 0.0008556 -0.0000751 0.0874316
2.8334323 -2.1085232 0.4960387 0.9961765 0.0008670 -0.0000760 0.0873596
2.8336822 -2.1086584 0.4960445 0.9961837 0.0008803 -0.0000771 0.0872765
2.8339189 -2.1087953 0.4960502 0.9961910 0.0008935 -0.0000782 0.0871933
2.8341556 -2.1089323 0.4960560 0.9961982 0.0009067 -0.0000793 0.0871102
2.8343924 -2.1090692 0.4960617 0.9962055 0.0009200 -0.0000804 0.0870270
2.8346291 -2.1092061 0.4960675 0.9962128 0.0009332 -0.0000814 0.0869438
2.8348658 -2.1093430 0.4960732 0.9962200 0.0009465 -0.0000825 0.0868606
2.8351026 -2.1094800 0.4960790 0.9962658 0.0009595 -0.0000831 0.0863248
2.8353393 -2.1096169 0.4960847 0.9963125 0.0009726 -0.0000837 0.0857787
2.8355760 -2.1097538 0.4960905 0.9963592 0.0009857 -0.0000843 0.0852325
2.8358128 -2.1098907 0.4960962 0.9964059 0.0009987 -0.0000848 0.0846864
2.8360495 -2.1100277 0.4961020 0.9964526 0.0010118 -0.0000854 0.0841403
2.8362862 -2.1101646 0.4961077 0.9964993 0.0010249 -0.0000860 0.0835942
2.8365229 -2.1103015 0.4961134 0.9965791 0.0010368 -0.0000859 0.0826083
2.8367597 -2.1104384 0.4961192 0.9966602 0.0010487 -0.0000858 0.0816046
2.8369964 -2.1105754 0.4961249 0.9967413 0.0010606 -0.0000857 0.0806010
2.8372331 -2.1107123 0.4961307 0.9968224 0.0010725 -0.0000855 0.0795974
2.8374699 -2.1108492 0.4961364 0.9969035 0.0010844 -0.0000854 0.0785937
2.8377066 -2.1109861 0.4961422 0.9969846 0.0010963 -0.0000853 0.0775901
2.8379433 -2.1111230 0.4961479 0.9970011 0.0011135 -0.0000864 0.0773789
2.8381801 -2.1112600 0.4961537 0.9970138 0.0011309 -0.0000876 0.0772140
2.8384168 -2.1113969 0.4961594 0.9970265 0.0011484 -0.0000887 0.0770492
2.8386535 -2.1115338 0.4961652 0.9970392 0.0011659 -0.0000899 0.0768844
2.8388902 -2.1116707 0.4961709 0.9970519 0.0011833 -0.0000910 0.0767195
2.8391270 -2.1118077 0.4961767 0.9970647 0.0012008 -0.0000922 0.0765547
2.8393637 -2.1119446 0.4961824 0.9970143 0.0012243 -0.0000949 0.0771928
2.8396004 -2.1120815 0.4961882 0.9969590 0.0012483 -0.0000977 0.0778930
2.8398372 -2.1122184 0.4961939 0.9969037 0.0012723 -0.0001005 0.0785933
2.8400739 -2.1123554 0.4961997 0.9968484 0.0012963 -0.0001033 0.0792935
2.8403106 -2.1124923 0.4962054 0.9967932 0.0013203 -0.0001060 0.0799938
2.8405474 -2.1126292 0.4962112 0.9967379 0.0013443 -0.0001088 0.0806940
2.8409202 -2.1124534 0.4962168 0.9966736 0.0013708 -0.0001121 0.0814677
2.8413063 -2.1122474 0.4962225 0.9966084 0.0013975 -0.0001155 0.0822486
2.8416923 -2.1120413 0.4962281 0.9965433 0.0014242 -0.0001189 0.0830295
2.8420784 -2.1118352 0.4962337 0.9964781 0.0014510 -0.0001222 0.0838103
2.8424645 -2.1116291 0.4962394 0.9964130 0.0014777 -0.0001256 0.0845912
2.8428505 -2.1114230 0.4962450 0.9963478 0.0015044 -0.0001289 0.0853720
2.8433600 -2.1109336 0.4962505 0.9962716 0.0015340 -0.0001329 0.0862381
2.8438839 -2.1104108 0.4962561 0.9961941 0.0015640 -0.0001370 0.0871142
2.8444078 -2.1098881 0.4962616 0.9961165 0.0015939 -0.0001410 0.0879902
2.8449317 -2.1093654 0.4962671 0.9960390 0.0016238 -0.0001451 0.0888663
2.8454556 -2.1088427 0.4962727 0.9959615 0.0016538 -0.0001492 0.0897423
2.8459795 -2.1083200 0.4962782 0.9958840 0.0016837 -0.0001532 0.0906184
2.8465034 -2.1077973 0.4962837 0.9956717 0.0017429 -0.0001631 0.0927882
2.8470273 -2.1072746 0.4962892 0.9954408 0.0018060 -0.0001738 0.0951369
2.8475512 -2.1067519 0.4962948 0.9952099 0.0018692 -0.0001845 0.0974857
2.8480751 -2.1062292 0.4963003 0.9949789 0.0019324 -0.0001952 0.0998344
2.8485990 -2.1057065 0.4963058 0.9947480 0.0019956 -0.0002058 0.1021832
2.8491230 -2.1051838 0.4963113 0.9945171 0.0020588 -0.0002165 0.1045319
2.8496469 -2.1046611 0.4963169 0.9939328 0.0021802 -0.0002431 0.1093962
2.8501708 -2.1041384 0.4963224 0.9932920 0.0023110 -0.0002723 0.1146636
2.8506947 -2.1036157 0.4963279 0.9926511 0.0024419 -0.0003015 0.1199310
2.8512186 -2.1030930 0.4963335 0.9920102 0.0025727 -0.0003306 0.1251984
2.8517425 -2.1025703 0.4963390 0.9913693 0.0027035 -0.0003598 0.1304658
2.8522664 -2.1020476 0.4963445 0.9907284 0.0028343 -0.0003890 0.1357332
2.8527903 -2.1015248 0.4963500 0.9897368 0.0029641 -0.0004298 0.1421744
2.8533142 -2.1010021 0.4963556 0.9886809 0.0030938 -0.0004728 0.1488305
2.8538381 -2.1004794 0.4963611 0.9876251 0.0032234 -0.0005158 0.1554865
2.8543620 -2.0999567 0.4963666 0.9865693 0.0033531 -0.0005588 0.1621425
2.8548859 -2.0994340 0.4963722 0.9855134 0.0034828 -0.0006018 0.1687986
2.8554098 -2.0989113 0.4963777 0.9844576 0.0036124 -0.0006447 0.1754546
2.8559337 -2.0983886 0.4963832 0.9832318 0.0036995 -0.0006866 0.1818309
2.8564577 -2.0978659 0.4963887 0.9819710 0.0037779 -0.0007281 0.1881493
2.8569816 -2.0973432 0.4963943 0.9807102 0.0038562 -0.0007697 0.1944678
2.8575055 -2.0968205 0.4963998 0.9794493 0.0039345 -0.0008113 0.2007863
2.8580294 -2.0962978 0.4964053 0.9781885 0.0040129 -0.0008528 0.2071047
2.8585533 -2.0957751 0.4964109 0.9769276 0.0040912 -0.0008944 0.2134232
2.8601367 -2.0952638 0.4964175 0.9751818 0.0041760 -0.0009487 0.2207794
2.8619653 -2.0947551 0.4964244 0.9733239 0.0042622 -0.0010060 0.2283757
2.8637938 -2.0942465 0.4964313 0.9714659 0.0043485 -0.0010633 0.2359719
2.8656223 -2.0937378 0.4964382 0.9696080 0.0044348 -0.0011206 0.2435682
2.8674509 -2.0932292 0.4964451 0.9677500 0.0045210 -0.0011779 0.2511644
2.8692794 -2.0927205 0.4964520 0.9658921 0.0046073 -0.0012352 0.2587607
2.8720660 -2.0922222 0.4964600 0.9633367 0.0046967 -0.0013089 0.2675513
2.8750988 -2.0917265 0.4964681 0.9606022 0.0047868 -0.0013867 0.2766487
2.8781316 -2.0912308 0.4964763 0.9578677 0.0048770 -0.0014646 0.2857462
2.8811644 -2.0907351 0.4964845 0.9551331 0.0049672 -0.0015425 0.2948437
2.8841972 -2.0902395 0.4964927 0.9523986 0.0050574 -0.0016203 0.3039412
2.8872300 -2.0897438 0.4965009 0.9496641 0.0051475 -0.0016982 0.3130386
2.8902628 -2.0892481 0.4965091 0.9447663 0.0052509 -0.0018230 0.3262239
2.8932956 -2.0887524 0.4965172 0.9392549 0.0053579 -0.0019612 0.3405689
2.8963284 -2.0882567 0.4965254 0.9337435 0.0054650 -0.0020994 0.3549139
2.8993612 -2.0877610 0.4965336 0.9282320 0.0055721 -0.0022375 0.3692588
2.9023940 -2.0872654 0.4965418 0.9227206 0.0056791 -0.0023757 0.3836038
2.9054268 -2.0867697 0.4965500 0.9172092 0.0057862 -0.0025139 0.3979488
2.9084596 -2.0862740 0.4965581 0.9074582 0.0058607 -0.0027123 0.4173907
2.9114924 -2.0857783 0.4965663 0.8963861 0.0059251 -0.0029294 0.4384208
2.9145252 -2.0852826 0.4965745 0.8853140 0.0059895 -0.0031465 0.4594509
2.9175580 -2.0847869 0.4965827 0.8742419 0.0060539 -0.0033637 0.4804811
2.9205908 -2.0842913 0.4965909 0.8631699 0.0061183 -0.0035808 0.5015112
2.9236236 -2.0837956 0.4965991 0.8520978 0.0061827 -0.0037980 0.5225413
2.9266564 -2.0832999 0.4966072 0.8368289 0.0061660 -0.0040263 0.5446025
2.9296892 -2.0828042 0.4966154 0.8201301 0.0061216 -0.0042585 0.5670151
2.9327220 -2.0823085 0.4966236 0.8034312 0.0060772 -0.0044907 0.5894277
2.9357548 -2.0818128 0.4966318 0.7867324 0.0060328 -0.0047229 0.6118403
2.9387876 -2.0813172 0.4966400 0.7700335 0.0059884 -0.0049550 0.6342528
2.9418204 -2.0808215 0.4966481 0.7533346 0.0059440 -0.0051872 0.6566654
2.9448532 -2.0803258 0.4966563 0.7333803 0.0058050 -0.0053599 0.6773575
2.9478860 -2.0798301 0.4966645 0.7122174 0.0056308 -0.0055106 0.6974109
2.9509188 -2.0793344 0.4966727 0.6910545 0.0054567 -0.0056613 0.7174644
2.9539516 -2.0788388 0.4966809 0.6698917 0.0052825 -0.0058120 0.7375178
2.9569844 -2.0783431 0.4966890 0.6487288 0.0051084 -0.0059626 0.7575712
2.9600172 -2.0778474 0.4966972 0.6275659 0.0049343 -0.0061133 0.7776247
2.9612203 -2.0773510 0.4967063 0.6071119 0.0047243 -0.0061520 0.7931620
2.9616858 -2.0768543 0.4967158 0.5869437 0.0044998 -0.0061457 0.8068789
2.9621513 -2.0763576 0.4967252 0.5667754 0.0042753 -0.0061393 0.8205958
2.9626168 -2.0758609 0.4967347 0.5466071 0.0040509 -0.0061329 0.8343126
2.9630822 -2.0753643 0.4967441 0.5264388 0.0038264 -0.0061265 0.8480295
2.9635477 -2.0748676 0.4967535 0.5062706 0.0036020 -0.0061201 0.8617464
2.9623635 -2.0743703 0.4967638 0.4891097 0.0034106 -0.0060557 0.8715231
2.9604592 -2.0738726 0.4967744 0.4732616 0.0032337 -0.0059659 0.8795799
2.9585549 -2.0733750 0.4967850 0.4574135 0.0030568 -0.0058761 0.8876368
2.9566506 -2.0728774 0.4967956 0.4415654 0.0028799 -0.0057864 0.8956936
2.9547462 -2.0723798 0.4968063 0.4257173 0.0027030 -0.0056966 0.9037504
2.9528419 -2.0718822 0.4968169 0.4098692 0.0025260 -0.0056068 0.9118072
2.9509376 -2.0713846 0.4968275 0.3964262 0.0023906 -0.0055191 0.9177006
2.9490333 -2.0708870 0.4968381 0.3841172 0.0022747 -0.0054325 0.9225738
2.9471289 -2.0703894 0.4968487 0.3718083 0.0021588 -0.0053458 0.9274471
2.9452246 -2.0698918 0.4968593 0.3594993 0.0020429 -0.0052591 0.9323203
2.9433203 -2.0693942 0.4968699 0.3471903 0.0019270 -0.0051724 0.9371935
2.9414160 -2.0688966 0.4968806 0.3348814 0.0018112 -0.0050857 0.9420668
2.9395116 -2.0683990 0.4968912 0.3241536 0.0017202 -0.0050085 0.9457864
2.9376073 -2.0679014 0.4969018 0.3142296 0.0016420 -0.0049362 0.9489196
2.9357030 -2.0674038 0.4969124 0.3043057 0.0015637 -0.0048639 0.9520529
2.9337987 -2.0669062 0.4969230 0.2943817 0.0014854 -0.0047916 0.9551861
2.9318943 -2.0664086 0.4969336 0.2844578 0.0014072 -0.0047193 0.9583193
2.9299900 -2.0659110 0.4969442 0.2745338 0.0013289 -0.0046470 0.9614525
2.9280857 -2.0654134 0.4969549 0.2648964 0.0012555 -0.0045545 0.9640933
2.9261814 -2.0649158 0.4969655 0.2554158 0.0011848 -0.0044508 0.9664648
2.9242770 -2.0644182 0.4969761 0.2459352 0.0011141 -0.0043471 0.9688363
2.9223727 -2.0639205 0.4969867 0.2364546 0.0010434 -0.0042434 0.9712078
2.9204684 -2.0634229 0.4969973 0.2269740 0.0009726 -0.0041398 0.9735793
2.9185641 -2.0629253 0.4970079 0.2174934 0.0009019 -0.0040361 0.9759507
2.9166597 -2.0624277 0.4970185 0.2090405 0.0008435 -0.0039304 0.9777878
2.9147554 -2.0619301 0.4970292 0.2011916 0.0007922 -0.0038235 0.9793107
2.9128511 -2.0614325 0.4970398 0.1933427 0.0007410 -0.0037167 0.9808337
2.9109468 -2.0609349 0.4970504 0.1854938 0.0006897 -0.0036098 0.9823567
2.9090424 -2.0604373 0.4970610 0.1776449 0.0006385 -0.0035029 0.9838796
2.9071381 -2.0599397 0.4970716 0.1697960 0.0005872 -0.0033960 0.9854026
2.9047857 -2.0593713 0.4970822 0.1634332 0.0005493 -0.0033067 0.9864981
2.9021508 -2.0587581 0.4970928 0.1580076 0.0005199 -0.0032284 0.9873241
2.8995159 -2.0581450 0.4971035 0.1525819 0.0004905 -0.0031501 0.9881501
2.8968810 -2.0575318 0.4971141 0.1471563 0.0004610 -0.0030718 0.9889761
2.8942460 -2.0569187 0.4971247 0.1417306 0.0004316 -0.0029936 0.9898021
2.8916111 -2.0563056 0.4971353 0.1363050 0.0004022 -0.0029153 0.9906281
2.8885737 -2.0556288 0.4971459 0.1317666 0.0003795 -0.0028487 0.9912509
2.8852644 -2.0549090 0.4971565 0.1278278 0.0003613 -0.0027899 0.9917363
2.8819551 -2.0541892 0.4971671 0.1238890 0.0003432 -0.0027312 0.9922218
2.8786457 -2.0534695 0.4971777 0.1199502 0.0003250 -0.0026725 0.9927072
2.8753364 -2.0527497 0.4971884 0.1160115 0.0003069 -0.0026137 0.9931926
2.8720271 -2.0520299 0.4971990 0.1120727 0.0002887 -0.0025550 0.9936781
2.8687177 -2.0513101 0.4972096 0.1086000 0.0002742 -0.0025056 0.9940666
2.8654084 -2.0505903 0.4972202 0.1054647 0.0002622 -0.0024629 0.9943849
2.8620990 -2.0498706 0.4972308 0.1023294 0.0002502 -0.0024202 0.9947033
2.8587897 -2.0491508 0.4972414 0.0991941 0.0002382 -0.0023776 0.9950217
2.8554804 -2.0484310 0.4972520 0.0960588 0.0002262 -0.0023349 0.9953401
2.8521710 -2.0477112 0.4972627 0.0929235 0.0002143 -0.0022922 0.9956584
2.8488617 -2.0469914 0.4972733 0.0900791 0.0002043 -0.0022554 0.9959214
2.8455523 -2.0462717 0.4972839 0.0874601 0.0001958 -0.0022231 0.9961414
2.8422430 -2.0455519 0.4972945 0.0848410 0.0001873 -0.0021909 0.9963614
2.8389337 -2.0448321 0.4973051 0.0822219 0.0001789 -0.0021587 0.9965814
2.8356243 -2.0441123 0.4973157 0.0796028 0.0001704 -0.0021264 0.9968014
2.8323150 -2.0433925 0.4973263 0.0769837 0.0001619 -0.0020942 0.9970214
2.8290056 -2.0426728 0.4973370 0.0748924 0.0001557 -0.0020719 0.9971853
2.8256963 -2.0419530 0.4973476 0.0732382 0.0001513 -0.0020580 0.9973028
2.8223870 -2.0412332 0.4973582 0.0715841 0.0001469 -0.0020440 0.9974203
2.8190776 -2.0405134 0.4973688 0.0699299 0.0001425 -0.0020301 0.9975378
2.8157683 -2.0397936 0.4973794 0.0682757 0.0001381 -0.0020161 0.9976552
2.8124590 -2.0390739 0.4973900 0.0666215 0.0001337 -0.0020022 0.9977727
2.8091496 -2.0383541 0.4974006 0.0652639 0.0001305 -0.0019950 0.9978643
2.8058403 -2.0376343 0.4974113 0.0641688 0.0001282 -0.0019939 0.9979329
2.8025309 -2.0369145 0.4974219 0.0630738 0.0001260 -0.0019927 0.9980015
2.7992216 -2.0361947 0.4974325 0.0619787 0.0001237 -0.0019916 0.9980702
2.7959123 -2.0354750 0.4974431 0.0608837 0.0001214 -0.0019905 0.9981388
2.7926029 -2.0347552 0.4974537 0.0597886 0.0001192 -0.0019894 0.9982074
2.7893585 -2.0341977 0.4974646 0.0587043 0.0001169 -0.0019882 0.9982718
2.7861756 -2.0337938 0.4974758 0.0576301 0.0001147 -0.0019870 0.9983321
2.7829927 -2.0333900 0.4974870 0.0565559 0.0001125 -0.0019859 0.9983924
2.7798097 -2.0329861 0.4974982 0.0554816 0.0001103 -0.0019847 0.9984526
2.7766268 -2.0325822 0.4975094 0.0544074 0.0001081 -0.0019835 0.9985129
2.7734439 -2.0321783 0.4975206 0.0533332 0.0001059 -0.0019823 0.9985732
2.7703190 -2.0319194 0.4975320 0.0522693 0.0001037 -0.0019811 0.9986295
2.7672527 -2.0318072 0.4975437 0.0512157 0.0001015 -0.0019799 0.9986819
2.7641865 -2.0316949 0.4975555 0.0501622 0.0000994 -0.0019787 0.9987342
2.7611202 -2.0315826 0.4975672 0.0491086 0.0000972 -0.0019775 0.9987866
2.7580540 -2.0314703 0.4975789 0.0480551 0.0000951 -0.0019763 0.9988389
2.7549877 -2.0313581 0.4975906 0.0470015 0.0000929 -0.0019750 0.9988913
2.7519215 -2.0312458 0.4976023 0.0460145 0.0000910 -0.0019745 0.9989377
2.7488552 -2.0311335 0.4976141 0.0450995 0.0000892 -0.0019748 0.9989777
2.7457890 -2.0310212 0.4976258 0.0441844 0.0000874 -0.0019751 0.9990178
2.7427227 -2.0309090 0.4976375 0.0432694 0.0000856 -0.0019753 0.9990578
2.7396565 -2.0307967 0.4976492 0.0423543 0.0000838 -0.0019756 0.9990978
2.7365903 -2.0306844 0.4976609 0.0414393 0.0000819 -0.0019759 0.9991378
2.7335240 -2.0305721 0.4976727 0.0405770 0.0000803 -0.0019768 0.9991736
2.7304578 -2.0304599 0.4976844 0.0397758 0.0000787 -0.0019784 0.9992045
2.7273915 -2.0303476 0.4976961 0.0389745 0.0000772 -0.0019801 0.9992354
2.7243253 -2.0302353 0.4977078 0.0381732 0.0000757 -0.0019817 0.9992663
2.7212590 -2.0301230 0.4977195 0.0373719 0.0000742 -0.0019834 0.9992972
2.7181928 -2.0300108 0.4977312 0.0365707 0.0000726 -0.0019850 0.9993281
2.7151265 -2.0298985 0.4977430 0.0357239 0.0000711 -0.0019886 0.9993587
2.7120603 -2.0297862 0.4977547 0.0348208 0.0000695 -0.0019945 0.9993889
2.7089940 -2.0296739 0.4977664 0.0339177 0.0000678 -0.0020004 0.9994191
2.7059278 -2.0295617 0.4977781 0.0330147 0.0000662 -0.0020063 0.9994492
2.7028615 -2.0294494 0.4977898 0.0321116 0.0000646 -0.0020122 0.9994794
2.6997953 -2.0293371 0.4978016 0.0312086 0.0000630 -0.0020181 0.9995096
2.6967291 -2.0292248 0.4978133 0.0302484 0.0000613 -0.0020259 0.9995391
2.6936628 -2.0291126 0.4978250 0.0292129 0.0000594 -0.0020361 0.9995676
2.6905966 -2.0290003 0.4978367 0.0281773 0.0000576 -0.0020463 0.9995962
2.6875303 -2.0288880 0.4978484 0.0271418 0.0000557 -0.0020565 0.9996247
2.6844641 -2.0287757 0.4978602 0.0261062 0.0000539 -0.0020667 0.9996533
2.6813978 -2.0286635 0.4978719 0.0250707 0.0000521 -0.0020770 0.9996818
2.6784455 -2.0286111 0.4978837 0.0240129 0.0000501 -0.0020874 0.9997081
2.6756543 -2.0286434 0.4978955 0.0229236 0.0000480 -0.0020980 0.9997312
2.6728630 -2.0286757 0.4979073 0.0218343 0.0000460 -0.0021087 0.9997542
2.6700717 -2.0287080 0.4979192 0.0207451 0.0000439 -0.0021194 0.9997773
2.6672805 -2.0287403 0.4979310 0.0196558 0.0000418 -0.0021300 0.9998003
2.6644892 -2.0287726 0.4979428 0.0185666 0.0000397 -0.0021407 0.9998234
2.6617989 -2.0288580 0.4979547 0.0174544 0.0000375 -0.0021516 0.9998439
2.6592615 -2.0290237 0.4979666 0.0163076 0.0000352 -0.0021627 0.9998604
2.6567240 -2.0291895 0.4979786 0.0151608 0.0000329 -0.0021739 0.9998770
2.6541866 -2.0293553 0.4979905 0.0140139 0.0000305 -0.0021850 0.9998936
2.6516492 -2.0295210 0.4980025 0.0128671 0.0000282 -0.0021962 0.9999101
2.6491117 -2.0296868 0.4980144 0.0117203 0.0000258 -0.0022074 0.9999267
2.6465743 -2.0298525 0.4980263 0.0106097 0.0000235 -0.0022218 0.9999401
2.6440369 -2.0300183 0.4980383 0.0095578 0.0000213 -0.0022416 0.9999483
2.6414994 -2.0301840 0.4980502 0.0085060 0.0000191 -0.0022613 0.9999565
2.6389620 -2.0303498 0.4980622 0.0074542 0.0000168 -0.0022811 0.9999647
2.6364246 -2.0305155 0.4980741 0.0064024 0.0000146 -0.0023009 0.9999729
2.6338871 -2.0306813 0.4980860 0.0053505 0.0000123 -0.0023207 0.9999811
2.6313497 -2.0308471 0.4980980 0.0044584 0.0000104 -0.0020402 0.8787752
2.6288123 -2.0310128 0.4981099 0.0038445 0.0000090 -0.0012367 0.5463631
2.6262748 -2.0311786 0.4981219 0.0032306 0.0000076 -0.0004332 0.2139509
2.6237374 -2.0313443 0.4981338 0.0026167 0.0000062 0.0003704 -0.1184613
2.6211999 -2.0315101 0.4981458 0.0020028 0.0000048 0.0011739 -0.4508735
2.6186625 -2.0316758 0.4981577 0.0013890 0.0000034 0.0019775 -0.7832857
2.6161251 -2.0318416 0.4981696 0.0011434 0.0000029 0.0025106 -0.9999960
2.6135876 -2.0320073 0.4981816 0.0015878 0.0000041 0.0025372 -0.9999949
2.6110502 -2.0321731 0.4981935 0.0020322 0.0000053 0.0025639 -0.9999938
2.6085128 -2.0323389 0.4982055 0.0024766 0.0000065 0.0025905 -0.9999927
2.6059753 -2.0325046 0.4982174 0.0029210 0.0000077 0.0026171 -0.9999916
2.6034379 -2.0326704 0.4982293 0.0033654 0.0000089 0.0026438 -0.9999905
2.6009005 -2.0328361 0.4982413 0.0036511 0.0000097 0.0026700 -0.9999898
2.5983630 -2.0330019 0.4982532 0.0036167 0.0000097 0.0026953 -0.9999898
2.5958256 -2.0331676 0.4982652 0.0035824 0.0000097 0.0027206 -0.9999899
2.5932882 -2.0333334 0.4982771 0.0035480 0.0000097 0.0027459 -0.9999899
2.5907507 -2.0334991 0.4982890 0.0035136 0.0000097 0.0027712 -0.9999900
2.5882133 -2.0336649 0.4983010 0.0034793 0.0000097 0.0027965 -0.9999900
2.5857721 -2.0338126 0.4983129 0.0034447 0.0000097 0.0028219 -0.9999901
2.5835403 -2.0339209 0.4983247 0.0034097 0.0000097 0.0028477 -0.9999901
2.5813085 -2.0340293 0.4983365 0.0033747 0.0000097 0.0028735 -0.9999902
2.5790766 -2.0341377 0.4983484 0.0033397 0.0000097 0.0028993 -0.9999902
2.5768448 -2.0342461 0.4983602 0.0033046 0.0000097 0.0029251 -0.9999903
2.5746130 -2.0343544 0.4983720 0.0032696 0.0000096 0.0029509 -0.9999903
2.5724653 -2.0344470 0.4983838 0.0032344 0.0000096 0.0029769 -0.9999903
2.5705156 -2.0345024 0.4983955 0.0031987 0.0000096 0.0030032 -0.9999904
2.5685659 -2.0345578 0.4984072 0.0031630 0.0000096 0.0030295 -0.9999904
2.5666162 -2.0346132 0.4984190 0.0031272 0.0000095 0.0030558 -0.9999904
2.5646665 -2.0346686 0.4984307 0.0030915 0.0000095 0.0030821 -0.9999905
2.5627168 -2.0347240 0.4984424 0.0030558 0.0000095 0.0031084 -0.9999905
2.5607670 -2.0347794 0.4984541 0.0030136 0.0000094 0.0031354 -0.9999905
2.5588173 -2.0348348 0.4984658 0.0029547 0.0000093 0.0031643 -0.9999906
2.5568676 -2.0348902 0.4984776 0.0028958 0.0000092 0.0031931 -0.9999907
2.5549179 -2.0349456 0.4984893 0.0028369 0.0000091 0.0032220 -0.9999908
2.5529682 -2.0350010 0.4985010 0.0027779 0.0000090 0.0032509 -0.9999908
2.5510185 -2.0350564 0.4985127 0.0027190 0.0000089 0.0032798 -0.9999909
2.5490687 -2.0351118 0.4985244 0.0026539 0.0000088 0.0033095 -0.9999910
2.5471190 -2.0351672 0.4985362 0.0025713 0.0000086 0.0033414 -0.9999911
2.5451693 -2.0352226 0.4985479 0.0024887 0.0000084 0.0033734 -0.9999912
2.5432196 -2.0352780 0.4985596 0.0024061 0.0000082 0.0034053 -0.9999913
2.5412699 -2.0353334 0.4985713 0.0023235 0.0000080 0.0034373 -0.9999914
2.5393202 -2.0353888 0.4985830 0.0022410 0.0000078 0.0034693 -0.9999915
2.5373704 -2.0354443 0.4985948 0.0020924 0.0000073 0.0035006 -0.9999916
2.5354207 -2.0354997 0.4986065 0.0017441 0.0000061 0.0035302 -0.9999919
2.5334710 -2.0355551 0.4986182 0.0013959 0.0000049 0.0035598 -0.9999922
2.5315213 -2.0356105 0.4986299 0.0010477 0.0000037 0.0035894 -0.9999925
2.5295716 -2.0356659 0.4986416 0.0006995 0.0000025 0.0036189 -0.9999927
2.5276219 -2.0357213 0.4986534 0.0003513 0.0000012 0.0036485 -0.9999930
2.5256722 -2.0357767 0.4986651 0.0002170 0.0000008 0.0033818 -0.9228591
2.5237224 -2.0358321 0.4986768 0.0007904 0.0000030 0.0021346 -0.5904474
2.5217727 -2.0358875 0.4986885 0.0013637 0.0000052 0.0008874 -0.2580357
2.5198230 -2.0359429 0.4987002 0.0019371 0.0000074 -0.0003597 0.0743760
2.5178733 -2.0359983 0.4987120 0.0025105 0.0000096 -0.0016069 0.4067877
2.5159236 -2.0360537 0.4987237 0.0030839 0.0000118 -0.0028541 0.7391993
2.5139024 -2.0360876 0.4987368 0.0036663 0.0000141 -0.0038385 0.9999857
2.5116211 -2.0360433 0.4987551 0.0042817 0.0000167 -0.0038659 0.9999823
2.5093398 -2.0359990 0.4987734 0.0048971 0.0000192 -0.0038933 0.9999788
2.5070585 -2.0359547 0.4987916 0.0055125 0.0000218 -0.0039207 0.9999754
2.5047771 -2.0359103 0.4988099 0.0061279 0.0000243 -0.0039481 0.9999720
2.5024958 -2.0358660 0.4988282 0.0067433 0.0000269 -0.0039755 0.9999686
2.5001536 -2.0358034 0.4988477 0.0073616 0.0000295 -0.0040031 0.9999647
2.4975662 -2.0356671 0.4988720 0.0079916 0.0000323 -0.0040311 0.9999588
2.4949788 -2.0355307 0.4988963 0.0086215 0.0000351 -0.0040591 0.9999529
2.4923914 -2.0353943 0.4989206 0.0092514 0.0000380 -0.0040871 0.9999471
2.4898040 -2.0352580 0.4989449 0.0098814 0.0000408 -0.0041151 0.9999412
2.4872166 -2.0351216 0.4989693 0.0105113 0.0000436 -0.0041431 0.9999353
2.4846292 -2.0349853 0.4989936 0.0112019 0.0000468 -0.0041717 0.9999281
2.4820417 -2.0348489 0.4990179 0.0121644 0.0000513 -0.0042028 0.9999145
2.4794543 -2.0347125 0.4990422 0.0131269 0.0000558 -0.0042339 0.9999010
2.4768669 -2.0345762 0.4990666 0.0140893 0.0000604 -0.0042650 0.9998875
2.4742795 -2.0344398 0.4990909 0.0150518 0.0000649 -0.0042962 0.9998739
2.4716921 -2.0343035 0.4991152 0.0160143 0.0000694 -0.0043273 0.9998604
2.4691047 -2.0341671 0.4991395 0.0169011 0.0000737 -0.0043566 0.9998475
2.4665173 -2.0340308 0.4991639 0.0174067 0.0000763 -0.0043769 0.9998382
2.4639299 -2.0338944 0.4991882 0.0179124 0.0000789 -0.0043972 0.9998288
2.4613425 -2.0337580 0.4992125 0.0184181 0.0000815 -0.0044175 0.9998195
2.4587551 -2.0336217 0.4992368 0.0189238 0.0000841 -0.0044378 0.9998101
2.4561676 -2.0334853 0.4992612 0.0194294 0.0000867 -0.0044580 0.9998007
2.4535802 -2.0333490 0.4992855 0.0199222 0.0000892 -0.0044779 0.9997914
2.4509928 -2.0332126 0.4993098 0.0203416 0.0000915 -0.0044951 0.9997825
2.4484054 -2.0330762 0.4993341 0.0207609 0.0000938 -0.0045123 0.9997736
2.4458180 -2.0329399 0.4993584 0.0211802 0.0000960 -0.0045295 0.9997646
2.4432306 -2.0328035 0.4993828 0.0215995 0.0000983 -0.0045467 0.9997557
2.4406432 -2.0326672 0.4994071 0.0220189 0.0001005 -0.0045638 0.9997467
2.4380558 -2.0325308 0.4994314 0.0224250 0.0001027 -0.0045806 0.9997380
2.4354684 -2.0323945 0.4994557 0.0227445 0.0001045 -0.0045942 0.9997305
2.4328810 -2.0322581 0.4994801 0.0230641 0.0001063 -0.0046078 0.9997229
2.4302935 -2.0321217 0.4995044 0.0233837 0.0001081 -0.0046215 0.9997154
2.4277061 -2.0319854 0.4995287 0.0237033 0.0001099 -0.0046351 0.9997079
2.4251187 -2.0318490 0.4995530 0.0240229 0.0001117 -0.0046487 0.9997004
2.4225664 -2.0317110 0.4995773 0.0243466 0.0001136 -0.0046625 0.9996927
2.4202818 -2.0315599 0.4996008 0.0247015 0.0001156 -0.0046776 0.9996836
2.4179972 -2.0314089 0.4996243 0.0250565 0.0001177 -0.0046928 0.9996745
2.4157126 -2.0312578 0.4996478 0.0254115 0.0001197 -0.0047079 0.9996654
2.4134280 -2.0311067 0.4996713 0.0257664 0.0001218 -0.0047230 0.9996563
2.4111434 -2.0309557 0.4996949 0.0261214 0.0001238 -0.0047381 0.9996473
2.4088865 -2.0308033 0.4997183 0.0264805 0.0001259 -0.0047534 0.9996380
2.4068814 -2.0306387 0.4997411 0.0268770 0.0001283 -0.0047703 0.9996269
2.4048763 -2.0304740 0.4997639 0.0272735 0.0001307 -0.0047871 0.9996159
2.4028712 -2.0303094 0.4997866 0.0276700 0.0001330 -0.0048040 0.9996048
2.4008661 -2.0301448 0.4998094 0.0280665 0.0001354 -0.0048209 0.9995938
2.3988609 -2.0299802 0.4998322 0.0284631 0.0001378 -0.0048377 0.9995828
2.3968558 -2.0298155 0.4998550 0.0288637 0.0001402 -0.0048548 0.9995715
2.3948507 -2.0296509 0.4998777 0.0293095 0.0001430 -0.0048737 0.9995580
2.3928456 -2.0294863 0.4999005 0.0297553 0.0001457 -0.0048926 0.9995444
2.3908405 -2.0293217 0.4999233 0.0302011 0.0001485 -0.0049116 0.9995309
2.3888353 -2.0291570 0.4999461 0.0306469 0.0001512 -0.0049305 0.9995173
2.3868302 -2.0289924 0.4999688 0.0310928 0.0001540 -0.0049494 0.9995038
2.3848251 -2.0288278 0.4999916 0.0315425 0.0001568 -0.0049685 0.9994900
2.3828200 -2.0286632 0.5000144 0.0320474 0.0001601 -0.0049899 0.9994732
2.3808149 -2.0284985 0.5000372 0.0325523 0.0001633 -0.0050114 0.9994564
2.3788097 -2.0283339 0.5000599 0.0330571 0.0001666 -0.0050328 0.9994396
2.3768046 -2.0281693 0.5000827 0.0335620 0.0001698 -0.0050542 0.9994228
2.3747995 -2.0280047 0.5001055 0.0340669 0.0001731 -0.0050756 0.9994060
2.3727944 -2.0278400 0.5001283 0.0345640 0.0001763 -0.0050967 0.9993895
2.3707893 -2.0276754 0.5001510 0.0349123 0.0001786 -0.0051119 0.9993770
2.3687842 -2.0275108 0.5001738 0.0352606 0.0001809 -0.0051271 0.9993645
2.3667790 -2.0273462 0.5001966 0.0356090 0.0001833 -0.0051423 0.9993520
2.3647739 -2.0271815 0.5002194 0.0359573 0.0001856 -0.0051574 0.9993395
2.3627688 -2.0270169 0.5002421 0.0363056 0.0001879 -0.0051726 0.9993270
2.3607637 -2.0268523 0.5002649 0.0366484 0.0001902 -0.0051876 0.9993147
2.3587586 -2.0266877 0.5002877 0.0368302 0.0001915 -0.0051963 0.9993079
2.3567534 -2.0265230 0.5003105 0.0370121 0.0001928 -0.0052050 0.9993011
2.3547483 -2.0263584 0.5003332 0.0371940 0.0001941 -0.0052137 0.9992943
2.3527432 -2.0261938 0.5003560 0.0373758 0.0001953 -0.0052224 0.9992875
2.3507381 -2.0260292 0.5003788 0.0375577 0.0001966 -0.0052311 0.9992807
2.3487380 -2.0258619 0.5004016 0.0377403 0.0001979 -0.0052399 0.9992738
2.3470376 -2.0255390 0.5004231 0.0379653 0.0001995 -0.0052506 0.9992651
2.3453371 -2.0252161 0.5004446 0.0381903 0.0002011 -0.0052614 0.9992564
2.3436367 -2.0248932 0.5004661 0.0384153 0.0002027 -0.0052721 0.9992477
2.3419362 -2.0245703 0.5004876 0.0386403 0.0002043 -0.0052829 0.9992390
2.3402358 -2.0242474 0.5005091 0.0388653 0.0002059 -0.0052936 0.9992303
2.3385353 -2.0239245 0.5005306 0.0390903 0.0002075 -0.0053044 0.9992216
