1.4031969 0.5611495 0.5071221 0.6590875 0.0094330 0.0107617 -0.7519301
1.4073429 0.5603495 0.5071465 0.6750500 0.0097915 0.0106450 -0.7358839
1.4114889 0.5595495 0.5071710 0.6910125 0.0101501 0.0105282 -0.7198377
1.4156349 0.5587495 0.5071954 0.7069750 0.0105086 0.0104114 -0.7037916
1.4197809 0.5579495 0.5072198 0.7229376 0.0108672 0.0102947 -0.6877454
1.4239269 0.5571494 0.5072443 0.7389001 0.0112257 0.0101779 -0.6716993
1.4280729 0.5563494 0.5072687 0.7548626 0.0115843 0.0100611 -0.6556531
1.4322189 0.5555494 0.5072931 0.7689736 0.0117867 0.0097665 -0.6369734
1.4363649 0.5547494 0.5073175 0.7830440 0.0119857 0.0094679 -0.6182359
1.4405110 0.5539494 0.5073420 0.7971144 0.0121846 0.0091693 -0.5994984
1.4446570 0.5531494 0.5073664 0.8111848 0.0123836 0.0088707 -0.5807609
1.4488030 0.5523494 0.5073908 0.8252552 0.0125825 0.0085721 -0.5620233
1.4529490 0.5515494 0.5074153 0.8393256 0.0127815 0.0082735 -0.5432858
1.4570950 0.5507493 0.5074397 0.8496976 0.0127773 0.0079176 -0.5250468
1.4612410 0.5499493 0.5074641 0.8599034 0.0127639 0.0075592 -0.5068303
1.4653870 0.5491493 0.5074886 0.8701092 0.0127506 0.0072008 -0.4886137
1.4695330 0.5483493 0.5075130 0.8803150 0.0127373 0.0068424 -0.4703972
1.4736791 0.5475493 0.5075374 0.8905208 0.0127239 0.0064839 -0.4521806
1.4778251 0.5467493 0.5075618 0.9007266 0.0127106 0.0061255 -0.4339641
1.4791156 0.5459140 0.5075859 0.9074302 0.0125693 0.0058178 -0.4183930
1.4802092 0.5450763 0.5076100 0.9138922 0.0124192 0.0055136 -0.4030044
1.4813028 0.5442386 0.5076341 0.9203542 0.0122691 0.0052093 -0.3876158
1.4823965 0.5434008 0.5076581 0.9268162 0.0121190 0.0049051 -0.3722271
1.4834901 0.5425631 0.5076822 0.9332781 0.0119689 0.0046009 -0.3568385
1.4845837 0.5417254 0.5077063 0.9397401 0.0118188 0.0042966 -0.3414499
1.4821266 0.5408438 0.5077299 0.9438227 0.0116285 0.0040703 -0.3290827
1.4793354 0.5399581 0.5077535 0.9476814 0.0114343 0.0038513 -0.3169999
1.4765441 0.5390724 0.5077772 0.9515400 0.0112401 0.0036322 -0.3049171
1.4737528 0.5381867 0.5078008 0.9553987 0.0110460 0.0034132 -0.2928343
1.4709616 0.5373010 0.5078244 0.9592573 0.0108518 0.0031942 -0.2807515
1.4681703 0.5364152 0.5078480 0.9631160 0.0106577 0.0029751 -0.2686687
1.4653791 0.5355295 0.5078716 0.9644879 0.0105757 0.0028937 -0.2637464
1.4625878 0.5346438 0.5078952 0.9655602 0.0105072 0.0028287 -0.2596868
1.4597966 0.5337581 0.5079188 0.9666325 0.0104388 0.0027638 -0.2556273
1.4570053 0.5328724 0.5079425 0.9677049 0.0103703 0.0026989 -0.2515677
1.4542141 0.5319867 0.5079661 0.9687772 0.0103019 0.0026340 -0.2475081
1.4514228 0.5311010 0.5079897 0.9698495 0.0102334 0.0025690 -0.2434486
1.4486315 0.5302152 0.5080133 0.9691990 0.0103039 0.0026163 -0.2459329
1.4458403 0.5293295 0.5080369 0.9682933 0.0103949 0.0026802 -0.2493867
1.4430490 0.5284438 0.5080605 0.9673876 0.0104859 0.0027441 -0.2528404
1.4402578 0.5275581 0.5080841 0.9664819 0.0105769 0.0028080 -0.2562942
1.4374665 0.5266724 0.5081077 0.9655762 0.0106679 0.0028719 -0.2597480
1.4346753 0.5257867 0.5081314 0.9646705 0.0107589 0.0029358 -0.2632018
1.4318840 0.5249010 0.5081550 0.9636253 0.0108517 0.0030075 -0.2668953
1.4290928 0.5240152 0.5081786 0.9625553 0.0109447 0.0030806 -0.2706314
1.4263015 0.5231295 0.5082022 0.9614854 0.0110377 0.0031537 -0.2743674
1.4235103 0.5222438 0.5082258 0.9604154 0.0111307 0.0032268 -0.2781035
1.4207190 0.5213581 0.5082494 0.9593455 0.0112238 0.0032999 -0.2818395
1.4179277 0.5204724 0.5082730 0.9582755 0.0113168 0.0033730 -0.2855756
1.4151365 0.5195867 0.5082967 0.9570461 0.0114104 0.0034544 -0.2895577
1.4123452 0.5187010 0.5083203 0.9557837 0.0115040 0.0035376 -0.2935910
1.4095540 0.5178152 0.5083439 0.9545212 0.0115977 0.0036208 -0.2976243
1.4067627 0.5169295 0.5083675 0.9532587 0.0116914 0.0037040 -0.3016576
1.4039715 0.5160438 0.5083911 0.9519962 0.0117851 0.0037872 -0.3056909
1.4011802 0.5151581 0.5084147 0.9507337 0.0118787 0.0038704 -0.3097242
1.4001332 0.5147438 0.5084311 0.9492908 0.0119714 0.0039623 -0.3140054
1.3995048 0.5144427 0.5084458 0.9478045 0.0120638 0.0040563 -0.3183460
1.3988763 0.5141415 0.5084605 0.9463183 0.0121563 0.0041504 -0.3226866
1.3982479 0.5138404 0.5084751 0.9448320 0.0122487 0.0042444 -0.3270272
1.3976195 0.5135392 0.5084898 0.9433457 0.0123412 0.0043384 -0.3313678
1.3969911 0.5132381 0.5085045 0.9418595 0.0124336 0.0044324 -0.3357085
1.3985233 0.5135210 0.5085102 0.9299726 0.0129356 0.0051608 -0.3607899
1.4006476 0.5139638 0.5085135 0.9152361 0.0135499 0.0060628 -0.3915538
1.4027719 0.5144067 0.5085168 0.9004997 0.0141641 0.0069649 -0.4223177
1.4048961 0.5148495 0.5085201 0.8857633 0.0147784 0.0078670 -0.4530817
1.4070204 0.5152924 0.5085234 0.8710269 0.0153926 0.0087691 -0.4838456
1.4091447 0.5157352 0.5085267 0.8562905 0.0160069 0.0096712 -0.5146095
1.4112689 0.5161781 0.5085299 0.8131618 0.0154581 0.0107401 -0.5623902
1.4133932 0.5166210 0.5085332 0.7612355 0.0145489 0.0118606 -0.6154438
1.4155175 0.5170638 0.5085365 0.7093092 0.0136397 0.0129812 -0.6684974
1.4176417 0.5175067 0.5085398 0.6573829 0.0127305 0.0141018 -0.7215511
1.4197660 0.5179495 0.5085431 0.6054566 0.0118213 0.0152223 -0.7746047
1.4218903 0.5183924 0.5085464 0.5535303 0.0109121 0.0163429 -0.8276583
1.4240145 0.5188352 0.5085497 0.5038701 0.0096838 0.0158522 -0.8571087
1.4261388 0.5192781 0.5085530 0.4549981 0.0083446 0.0148011 -0.8783494
1.4282631 0.5197210 0.5085562 0.4061262 0.0070054 0.0137500 -0.8995901
1.4303873 0.5201638 0.5085595 0.3572542 0.0056661 0.0126989 -0.9208307
1.4325116 0.5206067 0.5085628 0.3083823 0.0043269 0.0116478 -0.9420714
1.4346359 0.5210495 0.5085661 0.2595103 0.0029877 0.0105967 -0.9633121
1.4367601 0.5214924 0.5085694 0.2359572 0.0024473 0.0099568 -0.9713221
1.4388844 0.5219352 0.5085727 0.2222294 0.0022169 0.0094765 -0.9741979
1.4410087 0.5223781 0.5085760 0.2085015 0.0019864 0.0089963 -0.9770737
1.4431329 0.5228210 0.5085793 0.1947736 0.0017560 0.0085160 -0.9799495
1.4452572 0.5232638 0.5085825 0.1810458 0.0015256 0.0080357 -0.9828253
1.4473815 0.5237067 0.5085858 0.1673179 0.0012952 0.0075554 -0.9857011
1.4495057 0.5241495 0.5085891 0.1611562 0.0012068 0.0073879 -0.9868842
1.4516300 0.5245924 0.5085924 0.1582538 0.0011797 0.0073551 -0.9873383
1.4537543 0.5250352 0.5085957 0.1553514 0.0011526 0.0073224 -0.9877923
1.4558785 0.5254781 0.5085990 0.1524490 0.0011254 0.0072896 -0.9882463
1.4580028 0.5259210 0.5086023 0.1495466 0.0010983 0.0072569 -0.9887003
1.4601271 0.5263638 0.5086056 0.1466442 0.0010712 0.0072241 -0.9891543
1.4614171 0.5266169 0.5086090 0.1432181 0.0010402 0.0071835 -0.9896394
1.4623100 0.5267797 0.5086126 0.1395425 0.0010075 0.0071392 -0.9901392
1.4632029 0.5269424 0.5086161 0.1358670 0.0009747 0.0070949 -0.9906390
1.4640957 0.5271052 0.5086197 0.1321914 0.0009419 0.0070506 -0.9911388
1.4649886 0.5272679 0.5086232 0.1285159 0.0009091 0.0070062 -0.9916387
1.4658815 0.5274307 0.5086268 0.1248403 0.0008764 0.0069619 -0.9921385
1.4657464 0.5273596 0.5086306 0.1204406 0.0008390 0.0069059 -0.9926552
1.4650720 0.5271658 0.5086344 0.1156611 0.0007993 0.0068438 -0.9931807
1.4643976 0.5269721 0.5086383 0.1108816 0.0007596 0.0067817 -0.9937062
1.4637232 0.5267783 0.5086422 0.1061021 0.0007199 0.0067196 -0.9942317
1.4630489 0.5265846 0.5086461 0.1013226 0.0006801 0.0066575 -0.9947572
1.4623745 0.5263908 0.5086500 0.0965431 0.0006404 0.0065954 -0.9952827
1.4617001 0.5261971 0.5086539 0.0872847 0.0005759 0.0065564 -0.9959203
1.4610257 0.5260033 0.5086578 0.0754452 0.0004970 0.0065308 -0.9966225
1.4603514 0.5258096 0.5086616 0.0636057 0.0004181 0.0065052 -0.9973247
1.4596770 0.5256158 0.5086655 0.0517663 0.0003392 0.0064796 -0.9980269
1.4590026 0.5254221 0.5086694 0.0399268 0.0002603 0.0064539 -0.9987291
1.4583282 0.5252283 0.5086733 0.0280874 0.0001814 0.0064283 -0.9994313
1.4576539 0.5250346 0.5086772 0.0480680 0.0002909 0.0051994 -0.7997980
1.4569795 0.5248408 0.5086811 0.0881457 0.0005193 0.0032106 -0.4736369
1.4563051 0.5246471 0.5086850 0.1282233 0.0007477 0.0012218 -0.1474759
1.4556308 0.5244533 0.5086888 0.1683009 0.0009761 -0.0007670 0.1786852
1.4549564 0.5242596 0.5086927 0.2083786 0.0012045 -0.0027558 0.5048462
1.4542820 0.5240658 0.5086966 0.2484562 0.0014329 -0.0047447 0.8310072
1.4536076 0.5238721 0.5087005 0.2884265 0.0014142 -0.0050761 0.9543383
1.4529333 0.5236783 0.5087044 0.3283228 0.0012246 -0.0042624 0.9375322
1.4522589 0.5234846 0.5087083 0.3682190 0.0010350 -0.0034486 0.9207262
1.4515845 0.5232908 0.5087122 0.4081152 0.0008454 -0.0026349 0.9039201
1.4509101 0.5230971 0.5087160 0.4480114 0.0006559 -0.0018212 0.8871141
1.4502358 0.5229033 0.5087199 0.4879077 0.0004663 -0.0010075 0.8703080
1.4495614 0.5227096 0.5087238 0.4943910 0.0002915 -0.0004620 0.8684528
1.4488870 0.5225158 0.5087277 0.4756572 0.0001279 -0.0001189 0.8778811
1.4482126 0.5223221 0.5087316 0.4569233 -0.0000358 0.0002242 0.8873095
1.4475383 0.5221283 0.5087355 0.4381895 -0.0001994 0.0005673 0.8967379
1.4468639 0.5219346 0.5087394 0.4194556 -0.0003631 0.0009104 0.9061662
1.4461895 0.5217408 0.5087432 0.4007218 -0.0005267 0.0012535 0.9155946
1.4452569 0.5215604 0.5087463 0.3867341 -0.0006270 0.0015108 0.9219995
1.4441115 0.5213910 0.5087488 0.3766549 -0.0006750 0.0016973 0.9259145
1.4429661 0.5212217 0.5087512 0.3665758 -0.0007230 0.0018839 0.9298295
1.4418208 0.5210523 0.5087537 0.3564966 -0.0007711 0.0020705 0.9337446
1.4406754 0.5208829 0.5087561 0.3464175 -0.0008191 0.0022571 0.9376596
1.4395301 0.5207135 0.5087585 0.3363384 -0.0008671 0.0024437 0.9415746
1.4380689 0.5205604 0.5087600 0.3283742 -0.0008984 0.0025900 0.9444812
1.4363241 0.5204220 0.5087606 0.3223092 -0.0009144 0.0027002 0.9464823
1.4345793 0.5202836 0.5087612 0.3162442 -0.0009305 0.0028104 0.9484833
1.4328345 0.5201452 0.5087618 0.3101792 -0.0009466 0.0029206 0.9504843
1.4310897 0.5200068 0.5087624 0.3041142 -0.0009627 0.0030308 0.9524854
1.4293449 0.5198685 0.5087630 0.2980492 -0.0009788 0.0031410 0.9544864
1.4276001 0.5197301 0.5087636 0.2926409 -0.0009869 0.0032273 0.9561805
1.4258553 0.5195917 0.5087642 0.2878753 -0.0009870 0.0032903 0.9575742
1.4241105 0.5194533 0.5087648 0.2831098 -0.0009872 0.0033532 0.9589679
1.4223657 0.5193149 0.5087654 0.2783442 -0.0009874 0.0034162 0.9603616
1.4206209 0.5191765 0.5087660 0.2735787 -0.0009875 0.0034791 0.9617553
1.4188761 0.5190381 0.5087666 0.2688131 -0.0009877 0.0035420 0.9631490
1.4171313 0.5188997 0.5087672 0.2643590 -0.0009839 0.0035906 0.9643919
1.4153865 0.5187613 0.5087678 0.2602369 -0.0009759 0.0036237 0.9654742
1.4136417 0.5186229 0.5087684 0.2561149 -0.0009678 0.0036568 0.9665564
1.4118969 0.5184845 0.5087690 0.2519928 -0.0009598 0.0036900 0.9676386
1.4101521 0.5183461 0.5087696 0.2478708 -0.0009517 0.0037231 0.9687209
1.4084073 0.5182077 0.5087702 0.2437487 -0.0009437 0.0037562 0.9698031
1.4066626 0.5180693 0.5087708 0.2424654 -0.0009515 0.0038057 0.9701464
1.4049178 0.5179310 0.5087714 0.2444831 -0.0009779 0.0038741 0.9696304
1.4031730 0.5177926 0.5087720 0.2465008 -0.0010042 0.0039425 0.9691144
1.4014282 0.5176542 0.5087726 0.2485184 -0.0010305 0.0040110 0.9685985
1.3996834 0.5175158 0.5087732 0.2505361 -0.0010568 0.0040794 0.9680825
1.3979386 0.5173774 0.5087737 0.2525538 -0.0010831 0.0041478 0.9675665
1.3961938 0.5172390 0.5087743 0.2575429 -0.0011327 0.0042375 0.9661509
1.3944490 0.5171006 0.5087749 0.2663006 -0.0012117 0.0043542 0.9635943
1.3927042 0.5169622 0.5087755 0.2750584 -0.0012907 0.0044709 0.9610378
1.3909594 0.5168238 0.5087761 0.2838162 -0.0013698 0.0045876 0.9584812
1.3892146 0.5166854 0.5087767 0.2925740 -0.0014488 0.0047043 0.9559246
1.3874698 0.5165470 0.5087773 0.3013317 -0.0015278 0.0048210 0.9533680
1.3861282 0.5166180 0.5087748 0.3100755 -0.0016114 0.0049313 0.9505920
1.3853448 0.5169790 0.5087679 0.3187997 -0.0017013 0.0050327 0.9475121
1.3845615 0.5173399 0.5087610 0.3275240 -0.0017912 0.0051341 0.9444323
1.3837782 0.5177008 0.5087541 0.3362482 -0.0018811 0.0052355 0.9413524
1.3829948 0.5180617 0.5087472 0.3449725 -0.0019710 0.0053369 0.9382726
1.3822115 0.5184227 0.5087403 0.3536967 -0.0020608 0.0054383 0.9351927
1.3819150 0.5190364 0.5087296 0.3623120 -0.0021531 0.0055318 0.9319374
1.3823553 0.5200329 0.5087132 0.3707622 -0.0022489 0.0056135 0.9284165
1.3827956 0.5210293 0.5086967 0.3792123 -0.0023447 0.0056953 0.9248955
1.3832360 0.5220257 0.5086803 0.3876625 -0.0024406 0.0057770 0.9213746
1.3836763 0.5230221 0.5086638 0.3961127 -0.0025364 0.0058587 0.9178537
1.3841166 0.5240186 0.5086474 0.4045629 -0.0026322 0.0059404 0.9143328
1.3845570 0.5250150 0.5086310 0.4146206 -0.0027489 0.0060213 0.9097337
1.3849973 0.5260114 0.5086145 0.4273422 -0.0029001 0.0061008 0.9033479
1.3854376 0.5270079 0.5085981 0.4400638 -0.0030513 0.0061804 0.8969621
1.3858780 0.5280043 0.5085816 0.4527853 -0.0032025 0.0062599 0.8905763
1.3863183 0.5290007 0.5085652 0.4655069 -0.0033537 0.0063395 0.8841905
1.3867586 0.5299971 0.5085488 0.4782285 -0.0035049 0.0064190 0.8778047
1.3871990 0.5309936 0.5085323 0.4930800 -0.0036807 0.0064773 0.8693763
1.3876393 0.5319900 0.5085159 0.5118040 -0.0039014 0.0064969 0.8572340
1.3880796 0.5329864 0.5084994 0.5305280 -0.0041220 0.0065164 0.8450917
1.3885199 0.5339829 0.5084830 0.5492520 -0.0043426 0.0065360 0.8329494
1.3889603 0.5349793 0.5084666 0.5679760 -0.0045632 0.0065556 0.8208072
1.3894006 0.5359757 0.5084501 0.5867000 -0.0047838 0.0065751 0.8086649
1.3898409 0.5369721 0.5084337 0.6053981 -0.0049897 0.0065512 0.7951509
1.3902813 0.5379686 0.5084172 0.6240441 -0.0051662 0.0064401 0.7788935
1.3907216 0.5389650 0.5084008 0.6426902 -0.0053427 0.0063291 0.7626361
1.3911619 0.5399614 0.5083844 0.6613362 -0.0055192 0.0062181 0.7463787
1.3916023 0.5409579 0.5083679 0.6799823 -0.0056957 0.0061071 0.7301213
1.3920426 0.5419543 0.5083515 0.6986284 -0.0058722 0.0059960 0.7138639
1.3924829 0.5429507 0.5083350 0.7163703 -0.0060118 0.0058541 0.6969179
1.3929233 0.5439471 0.5083186 0.7321168 -0.0060699 0.0056439 0.6784522
1.3933636 0.5449436 0.5083022 0.7478633 -0.0061281 0.0054337 0.6599865
1.3938039 0.5459400 0.5082857 0.7636099 -0.0061863 0.0052234 0.6415207
1.3942442 0.5469364 0.5082693 0.7793564 -0.0062444 0.0050132 0.6230550
1.3946846 0.5479329 0.5082528 0.7951030 -0.0063026 0.0048030 0.6045893
1.3950955 0.5489151 0.5082366 0.8091300 -0.0063310 0.0045991 0.5871208
1.3954344 0.5498629 0.5082208 0.8189538 -0.0062867 0.0044104 0.5720901
1.3957734 0.5508106 0.5082050 0.8287777 -0.0062423 0.0042217 0.5570593
1.3961123 0.5517583 0.5081893 0.8386015 -0.0061980 0.0040330 0.5420285
1.3964512 0.5527060 0.5081735 0.8484254 -0.0061536 0.0038444 0.5269978
1.3967902 0.5536537 0.5081577 0.8582492 -0.0061093 0.0036557 0.5119670
1.3970944 0.5545848 0.5081421 0.8670300 -0.0060559 0.0034810 0.4979560
1.3973043 0.5554705 0.5081272 0.8729738 -0.0059779 0.0033446 0.4867188
1.3975142 0.5563562 0.5081122 0.8789176 -0.0058999 0.0032081 0.4754815
1.3977241 0.5572419 0.5080973 0.8848613 -0.0058219 0.0030716 0.4642443
1.3979340 0.5581276 0.5080823 0.8908051 -0.0057440 0.0029352 0.4530070
1.3981439 0.5590133 0.5080674 0.8967489 -0.0056660 0.0027987 0.4417697
1.3983538 0.5598990 0.5080525 0.9014727 -0.0055996 0.0026884 0.4327821
1.3985637 0.5607848 0.5080375 0.9024837 -0.0055684 0.0026577 0.4306410
1.3987736 0.5616705 0.5080226 0.9034947 -0.0055372 0.0026271 0.4285000
1.3989835 0.5625562 0.5080076 0.9045057 -0.0055061 0.0025964 0.4263589
1.3991935 0.5634419 0.5079927 0.9055167 -0.0054749 0.0025657 0.4242178
1.3994034 0.5643276 0.5079777 0.9065276 -0.0054437 0.0025350 0.4220768
1.3996133 0.5652133 0.5079628 0.9066395 -0.0054249 0.0025242 0.4217927
1.3998232 0.5660990 0.5079478 0.9036684 -0.0054482 0.0025817 0.4278757
1.4000331 0.5669848 0.5079329 0.9006974 -0.0054715 0.0026391 0.4339587
1.4002430 0.5678705 0.5079180 0.8977263 -0.0054949 0.0026966 0.4400417
1.4004529 0.5687562 0.5079030 0.8947553 -0.0055182 0.0027540 0.4461246
1.4006628 0.5696419 0.5078881 0.8917842 -0.0055415 0.0028115 0.4522076
1.4008727 0.5705276 0.5078731 0.8885910 -0.0055643 0.0028721 0.4585648
1.4010826 0.5714133 0.5078582 0.8845327 -0.0055851 0.0029453 0.4659899
1.4012925 0.5722990 0.5078432 0.8804744 -0.0056059 0.0030185 0.4734150
1.4015024 0.5731848 0.5078283 0.8764161 -0.0056267 0.0030917 0.4808402
1.4017123 0.5740705 0.5078133 0.8723577 -0.0056474 0.0031649 0.4882653
1.4019222 0.5749562 0.5077984 0.8682994 -0.0056682 0.0032381 0.4956904
1.4021321 0.5758419 0.5077834 0.8638335 -0.0056869 0.0033162 0.5035866
1.4023420 0.5767276 0.5077685 0.8575453 -0.0056961 0.0034162 0.5135885
1.4025519 0.5776133 0.5077536 0.8512571 -0.0057053 0.0035163 0.5235904
1.4027618 0.5784990 0.5077386 0.8449688 -0.0057145 0.0036164 0.5335923
1.4029717 0.5793848 0.5077237 0.8386806 -0.0057237 0.0037164 0.5435942
1.4031816 0.5802705 0.5077087 0.8323924 -0.0057328 0.0038165 0.5535961
1.4035499 0.5811582 0.5076940 0.8259024 -0.0057371 0.0039159 0.5636349
1.4047418 0.5820560 0.5076802 0.8183626 -0.0057158 0.0040116 0.5738660
1.4059338 0.5829539 0.5076664 0.8108229 -0.0056945 0.0041073 0.5840970
1.4071257 0.5838518 0.5076527 0.8032831 -0.0056732 0.0042031 0.5943281
1.4083177 0.5847497 0.5076389 0.7957433 -0.0056518 0.0042988 0.6045591
1.4095097 0.5856476 0.5076252 0.7882036 -0.0056305 0.0043946 0.6147902
1.4108763 0.5865477 0.5076116 0.7805229 -0.0056048 0.0044880 0.6249735
1.4133182 0.5874611 0.5075994 0.7719751 -0.0055520 0.0045670 0.6348637
1.4157600 0.5883745 0.5075871 0.7634274 -0.0054991 0.0046460 0.6447538
1.4182019 0.5892879 0.5075748 0.7548796 -0.0054463 0.0047250 0.6546439
1.4206437 0.5902012 0.5075626 0.7463318 -0.0053935 0.0048040 0.6645340
1.4230856 0.5911146 0.5075503 0.7377841 -0.0053407 0.0048830 0.6744241
1.4255274 0.5920280 0.5075381 0.7295608 -0.0052881 0.0049566 0.6838425
1.4279692 0.5929414 0.5075258 0.7237566 -0.0052373 0.0049903 0.6897451
1.4304111 0.5938548 0.5075136 0.7179524 -0.0051864 0.0050241 0.6956476
1.4328529 0.5947682 0.5075013 0.7121482 -0.0051356 0.0050578 0.7015501
1.4352948 0.5956816 0.5074891 0.7063440 -0.0050847 0.0050916 0.7074526
1.4377366 0.5965950 0.5074768 0.7005398 -0.0050339 0.0051253 0.7133552
1.4401785 0.5975084 0.5074645 0.6951479 -0.0049860 0.0051559 0.7188292
1.4426203 0.5984218 0.5074523 0.6936039 -0.0049657 0.0051566 0.7203039
1.4450621 0.5993352 0.5074400 0.6920600 -0.0049454 0.0051574 0.7217786
1.4475040 0.6002486 0.5074278 0.6905160 -0.0049251 0.0051582 0.7232534
1.4499458 0.6011620 0.5074155 0.6889721 -0.0049048 0.0051590 0.7247281
1.4523877 0.6020754 0.5074033 0.6874281 -0.0048845 0.0051598 0.7262028
1.4548295 0.6029887 0.5073910 0.6859161 -0.0048644 0.0051604 0.7276453
1.4572714 0.6039021 0.5073788 0.6847965 -0.0048482 0.0051588 0.7286914
1.4597132 0.6048155 0.5073665 0.6836769 -0.0048320 0.0051573 0.7297374
1.4621551 0.6057289 0.5073542 0.6825573 -0.0048158 0.0051558 0.7307835
1.4645969 0.6066423 0.5073420 0.6814377 -0.0047995 0.0051542 0.7318296
1.4670387 0.6075557 0.5073297 0.6803180 -0.0047833 0.0051527 0.7328756
1.4694806 0.6084691 0.5073175 0.6792215 -0.0047673 0.0051510 0.7338995
1.4719224 0.6093825 0.5073052 0.6785323 -0.0047552 0.0051476 0.7345340
1.4743643 0.6102959 0.5072930 0.6778431 -0.0047432 0.0051442 0.7351684
1.4768061 0.6112093 0.5072807 0.6771539 -0.0047311 0.0051408 0.7358029
1.4792480 0.6121227 0.5072685 0.6764646 -0.0047191 0.0051374 0.7364373
1.4816898 0.6130361 0.5072562 0.6757754 -0.0047071 0.0051339 0.7370718
1.4840562 0.6139569 0.5072439 0.6750886 -0.0046951 0.0051305 0.7377038
1.4841599 0.6151017 0.5072287 0.6744746 -0.0046843 0.0051273 0.7382629
1.4842635 0.6162465 0.5072136 0.6738607 -0.0046736 0.0051241 0.7388221
1.4843672 0.6173913 0.5071984 0.6732467 -0.0046629 0.0051209 0.7393812
1.4844709 0.6185361 0.5071833 0.6726328 -0.0046522 0.0051177 0.7399404
1.4845745 0.6196809 0.5071681 0.6720188 -0.0046415 0.0051144 0.7404996
1.4846462 0.6208288 0.5071529 0.6714055 -0.0046308 0.0051112 0.7410580
1.4817740 0.6222681 0.5071341 0.6708553 -0.0046213 0.0051082 0.7415544
1.4789018 0.6237074 0.5071153 0.6703050 -0.0046117 0.0051052 0.7420508
1.4760296 0.6251467 0.5070964 0.6697548 -0.0046021 0.0051022 0.7425472
1.4731574 0.6265860 0.5070776 0.6692045 -0.0045925 0.0050992 0.7430436
1.4702852 0.6280252 0.5070588 0.6686543 -0.0045829 0.0050962 0.7435400
1.4674130 0.6294645 0.5070399 0.6681040 -0.0045734 0.0050932 0.7440364
1.4645408 0.6309038 0.5070211 0.6683288 -0.0045578 0.0050728 0.7438344
1.4616686 0.6323431 0.5070023 0.6685621 -0.0045422 0.0050523 0.7436248
1.4587964 0.6337824 0.5069835 0.6687953 -0.0045266 0.0050318 0.7434151
1.4559242 0.6352217 0.5069646 0.6690286 -0.0045110 0.0050113 0.7432055
1.4530520 0.6366610 0.5069458 0.6692618 -0.0044954 0.0049908 0.7429959
1.4501798 0.6381002 0.5069270 0.6694951 -0.0044798 0.0049703 0.7427863
1.4473076 0.6395395 0.5069081 0.6705593 -0.0044568 0.0049309 0.7418189
1.4444354 0.6409788 0.5068893 0.6716513 -0.0044335 0.0048909 0.7408263
1.4415632 0.6424181 0.5068705 0.6727432 -0.0044101 0.0048508 0.7398336
1.4386910 0.6438574 0.5068516 0.6738352 -0.0043868 0.0048108 0.7388410
1.4358188 0.6452967 0.5068328 0.6749271 -0.0043635 0.0047708 0.7378483
1.4329466 0.6467360 0.5068140 0.6760191 -0.0043402 0.0047308 0.7368557
1.4300744 0.6481752 0.5067951 0.6753745 -0.0043085 0.0047041 0.7374441
1.4272022 0.6496145 0.5067763 0.6746311 -0.0042762 0.0046782 0.7381223
1.4243300 0.6510538 0.5067575 0.6738878 -0.0042440 0.0046523 0.7388006
1.4214578 0.6524931 0.5067386 0.6731445 -0.0042118 0.0046264 0.7394789
1.4185856 0.6539324 0.5067198 0.6724012 -0.0041796 0.0046004 0.7401571
1.4157134 0.6553717 0.5067010 0.6716579 -0.0041474 0.0045745 0.7408354
1.4128412 0.6568110 0.5066822 0.6689984 -0.0041060 0.0045603 0.7431937
1.4099690 0.6582502 0.5066633 0.6661828 -0.0040638 0.0045471 0.7456887
1.4070968 0.6596895 0.5066445 0.6633673 -0.0040217 0.0045339 0.7481837
1.4042246 0.6611288 0.5066257 0.6605517 -0.0039795 0.0045207 0.7506788
1.4013524 0.6625681 0.5066068 0.6577362 -0.0039374 0.0045075 0.7531738
1.3984802 0.6640074 0.5065880 0.6549207 -0.0038952 0.0044943 0.7556689
1.3966641 0.6658537 0.5065631 0.6522967 -0.0038564 0.0044798 0.7579051
1.3949612 0.6677436 0.5065376 0.6496933 -0.0038178 0.0044652 0.7601136
1.3932583 0.6696335 0.5065120 0.6470899 -0.0037793 0.0044506 0.7623221
1.3915554 0.6715233 0.5064865 0.6444865 -0.0037407 0.0044359 0.7645306
1.3898525 0.6734132 0.5064610 0.6418831 -0.0037022 0.0044213 0.7667391
1.3881496 0.6753031 0.5064354 0.6392797 -0.0036637 0.0044067 0.7689476
1.3877588 0.6776987 0.5064024 0.6368518 -0.0036281 0.0043913 0.7709369
1.3875441 0.6801621 0.5063683 0.6344473 -0.0035930 0.0043758 0.7728969
1.3873294 0.6826255 0.5063342 0.6320429 -0.0035579 0.0043603 0.7748568
1.3871147 0.6850889 0.5063001 0.6296384 -0.0035228 0.0043448 0.7768167
1.3869000 0.6875523 0.5062661 0.6272340 -0.0034877 0.0043294 0.7787767
1.3866853 0.6900157 0.5062320 0.6248295 -0.0034525 0.0043139 0.7807366
1.3864706 0.6924790 0.5061979 0.6226497 -0.0034260 0.0043049 0.7824603
1.3862558 0.6949424 0.5061638 0.6205064 -0.0034008 0.0042969 0.7841455
1.3860411 0.6974058 0.5061298 0.6183631 -0.0033756 0.0042889 0.7858308
1.3858264 0.6998692 0.5060957 0.6162198 -0.0033504 0.0042809 0.7875161
1.3856117 0.7023326 0.5060616 0.6140764 -0.0033252 0.0042730 0.7892014
1.3853970 0.7047960 0.5060275 0.6119331 -0.0033000 0.0042650 0.7908867
1.3851823 0.7072594 0.5059935 0.6100127 -0.0032834 0.0042648 0.7923580
1.3849676 0.7097228 0.5059594 0.6081352 -0.0032685 0.0042661 0.7937883
1.3847528 0.7121862 0.5059253 0.6062578 -0.0032535 0.0042673 0.7952185
1.3845381 0.7146496 0.5058912 0.6043803 -0.0032386 0.0042686 0.7966487
1.3843234 0.7171130 0.5058572 0.6025028 -0.0032237 0.0042699 0.7980789
1.3841087 0.7195764 0.5058231 0.6006253 -0.0032087 0.0042712 0.7995091
1.3838940 0.7220398 0.5057890 0.6014639 -0.0032142 0.0042691 0.7988734
1.3836793 0.7245032 0.5057549 0.6029100 -0.0032243 0.0042663 0.7977755
1.3834645 0.7269665 0.5057209 0.6043561 -0.0032343 0.0042635 0.7966776
1.3832498 0.7294299 0.5056868 0.6058023 -0.0032444 0.0042607 0.7955798
1.3830351 0.7318933 0.5056527 0.6072484 -0.0032545 0.0042579 0.7944819
1.3828204 0.7343567 0.5056186 0.6086945 -0.0032645 0.0042551 0.7933841
1.3826057 0.7368201 0.5055845 0.6132531 -0.0032968 0.0042449 0.7897441
1.3823910 0.7392835 0.5055505 0.6186108 -0.0033347 0.0042329 0.7854515
1.3821763 0.7417469 0.5055164 0.6239685 -0.0033727 0.0042209 0.7811588
1.3819615 0.7442103 0.5054823 0.6293262 -0.0034106 0.0042089 0.7768661
1.3817468 0.7466737 0.5054482 0.6346839 -0.0034486 0.0041969 0.7725735
1.3815321 0.7491371 0.5054142 0.6400416 -0.0034865 0.0041849 0.7682808
1.3816081 0.7515910 0.5053859 0.6451767 -0.0035207 0.0041681 0.7638937
1.3817688 0.7540423 0.5053593 0.6502470 -0.0035537 0.0041501 0.7594790
1.3819296 0.7564935 0.5053327 0.6553173 -0.0035868 0.0041320 0.7550644
1.3820904 0.7589447 0.5053062 0.6603875 -0.0036198 0.0041139 0.7506497
1.3822511 0.7613959 0.5052796 0.6654578 -0.0036529 0.0040958 0.7462350
1.3824119 0.7638471 0.5052530 0.6705280 -0.0036859 0.0040777 0.7418203
1.3829323 0.7662867 0.5052336 0.6753413 -0.0037148 0.0040559 0.7373712
1.3835710 0.7687224 0.5052166 0.6800700 -0.0037423 0.0040329 0.7329109
1.3842096 0.7711581 0.5051995 0.6847988 -0.0037697 0.0040099 0.7284505
1.3848482 0.7735938 0.5051825 0.6895275 -0.0037972 0.0039868 0.7239901
1.3854869 0.7760295 0.5051655 0.6942563 -0.0038247 0.0039638 0.7195297
1.3861255 0.7784652 0.5051484 0.6989851 -0.0038522 0.0039408 0.7150693
1.3867641 0.7809010 0.5051314 0.7030040 -0.0038715 0.0039162 0.7110867
1.3874028 0.7833367 0.5051143 0.7067620 -0.0038878 0.0038910 0.7072798
1.3880414 0.7857724 0.5050973 0.7105200 -0.0039041 0.0038658 0.7034728
1.3886800 0.7882081 0.5050803 0.7142780 -0.0039204 0.0038406 0.6996659
1.3893187 0.7906438 0.5050632 0.7180359 -0.0039367 0.0038154 0.6958589
1.3899573 0.7930795 0.5050462 0.7217939 -0.0039530 0.0037902 0.6920520
1.3905959 0.7955152 0.5050292 0.7248483 -0.0039620 0.0037654 0.6888418
1.3912346 0.7979510 0.5050121 0.7276149 -0.0039679 0.0037408 0.6858758
1.3918732 0.8003867 0.5049951 0.7303815 -0.0039739 0.0037162 0.6829097
1.3925118 0.8028224 0.5049780 0.7331480 -0.0039798 0.0036916 0.6799437
1.3931505 0.8052581 0.5049610 0.7359146 -0.0039858 0.0036670 0.6769776
1.3937891 0.8076938 0.5049440 0.7386812 -0.0039918 0.0036424 0.6740116
1.3944277 0.8101295 0.5049269 0.7404924 -0.0039913 0.0036224 0.6720315
1.3950664 0.8125652 0.5049099 0.7418707 -0.0039878 0.0036045 0.6704982
1.3957050 0.8150010 0.5048929 0.7432491 -0.0039844 0.0035865 0.6689649
1.3963436 0.8174367 0.5048758 0.7446274 -0.0039809 0.0035686 0.6674316
1.3969823 0.8198724 0.5048588 0.7460057 -0.0039775 0.0035506 0.6658983
1.3976209 0.8223081 0.5048417 0.7473840 -0.0039741 0.0035327 0.6643650
1.3982595 0.8247438 0.5048247 0.7476983 -0.0039643 0.0035206 0.6640171
1.3988982 0.8271795 0.5048077 0.7474806 -0.0039513 0.0035113 0.6642620
1.3995368 0.8296152 0.5047906 0.7472630 -0.0039383 0.0035021 0.6645068
1.4001754 0.8320510 0.5047736 0.7470453 -0.0039253 0.0034929 0.6647517
1.4008141 0.8344867 0.5047566 0.7468276 -0.0039123 0.0034836 0.6649966
1.4014527 0.8369224 0.5047395 0.7466099 -0.0038994 0.0034744 0.6652415
1.4021137 0.8393974 0.5047188 0.7463900 -0.0038863 0.0034650 0.6654881
1.4027870 0.8418940 0.5046959 0.7461689 -0.0038732 0.0034556 0.6657358
1.4034603 0.8443906 0.5046731 0.7459479 -0.0038600 0.0034462 0.6659835
1.4041336 0.8468872 0.5046503 0.7457268 -0.0038469 0.0034368 0.6662311
1.4048069 0.8493838 0.5046275 0.7455058 -0.0038338 0.0034274 0.6664788
1.4054802 0.8518804 0.5046046 0.7452847 -0.0038207 0.0034179 0.6667265
1.4061810 0.8544254 0.5045772 0.7450615 -0.0038075 0.0034084 0.6669759
1.4068984 0.8569995 0.5045470 0.7448370 -0.0037942 0.0033988 0.6672264
1.4076158 0.8595736 0.5045168 0.7446125 -0.0037809 0.0033892 0.6674769
1.4083332 0.8621477 0.5044866 0.7443880 -0.0037677 0.0033796 0.6677274
1.4090506 0.8647218 0.5044565 0.7441635 -0.0037544 0.0033700 0.6679779
1.4097680 0.8672959 0.5044263 0.7439390 -0.0037411 0.0033604 0.6682284
1.4104854 0.8698700 0.5043961 0.7445022 -0.0037300 0.0033448 0.6675947
1.4112028 0.8724441 0.5043659 0.7455859 -0.0037202 0.0033253 0.6663768
1.4119202 0.8750182 0.5043357 0.7466695 -0.0037104 0.0033057 0.6651588
1.4126376 0.8775923 0.5043055 0.7477532 -0.0037005 0.0032862 0.6639409
1.4133550 0.8801664 0.5042753 0.7488368 -0.0036907 0.0032666 0.6627230
1.4140725 0.8827405 0.5042451 0.7499204 -0.0036809 0.0032471 0.6615051
1.4147899 0.8853146 0.5042149 0.7519070 -0.0036724 0.0032201 0.6592118
1.4155073 0.8878887 0.5041848 0.7545458 -0.0036647 0.0031878 0.6561418
1.4162247 0.8904629 0.5041546 0.7571845 -0.0036570 0.0031554 0.6530718
1.4169421 0.8930370 0.5041244 0.7598232 -0.0036493 0.0031231 0.6500019
1.4176595 0.8956111 0.5040942 0.7624619 -0.0036416 0.0030908 0.6469319
1.4183769 0.8981852 0.5040640 0.7651006 -0.0036339 0.0030584 0.6438619
1.4190943 0.9007593 0.5040338 0.7675126 -0.0036299 0.0030317 0.6409869
1.4198117 0.9033334 0.5040036 0.7697457 -0.0036286 0.0030093 0.6382657
1.4205291 0.9059075 0.5039734 0.7719788 -0.0036274 0.0029869 0.6355445
1.4212465 0.9084816 0.5039432 0.7742120 -0.0036262 0.0029646 0.6328233
1.4219639 0.9110557 0.5039130 0.7764451 -0.0036250 0.0029422 0.6301020
1.4226813 0.9136298 0.5038829 0.7786782 -0.0036237 0.0029198 0.6273808
1.4233987 0.9162039 0.5038527 0.7806378 -0.0036284 0.0029047 0.6249481
1.4241162 0.9187780 0.5038225 0.7823622 -0.0036381 0.0028959 0.6227635
1.4248336 0.9213521 0.5037923 0.7840866 -0.0036478 0.0028870 0.6205788
1.4255510 0.9239262 0.5037621 0.7858110 -0.0036574 0.0028782 0.6183942
1.4262684 0.9265004 0.5037319 0.7875353 -0.0036671 0.0028693 0.6162096
1.4269858 0.9290745 0.5037017 0.7892597 -0.0036768 0.0028605 0.6140250
1.4274392 0.9315559 0.5036736 0.7909949 -0.0036862 0.0028511 0.6117858
1.4276450 0.9339505 0.5036473 0.7927402 -0.0036954 0.0028411 0.6094954
1.4278509 0.9363451 0.5036210 0.7944855 -0.0037045 0.0028312 0.6072050
1.4280567 0.9387397 0.5035947 0.7962308 -0.0037137 0.0028213 0.6049146
1.4282626 0.9411343 0.5035685 0.7979761 -0.0037228 0.0028114 0.6026242
1.4284685 0.9435290 0.5035422 0.7997214 -0.0037320 0.0028015 0.6003338
1.4283523 0.9458106 0.5035184 0.8014742 -0.0037408 0.0027911 0.5979909
1.4279071 0.9479767 0.5034971 0.8032347 -0.0037493 0.0027801 0.5955942
1.4274619 0.9501429 0.5034758 0.8049952 -0.0037578 0.0027691 0.5931974
1.4270167 0.9523090 0.5034545 0.8067556 -0.0037663 0.0027581 0.5908007
1.4265715 0.9544752 0.5034332 0.8085161 -0.0037748 0.0027471 0.5884040
1.4261263 0.9566413 0.5034119 0.8102765 -0.0037833 0.0027361 0.5860073
1.4256811 0.9588075 0.5033906 0.8110975 -0.0037909 0.0027337 0.5848919
1.4252359 0.9609736 0.5033693 0.8108723 -0.0037976 0.0027407 0.5852035
1.4247907 0.9631398 0.5033480 0.8106472 -0.0038042 0.0027478 0.5855150
1.4243455 0.9653059 0.5033267 0.8104220 -0.0038109 0.0027548 0.5858266
1.4239003 0.9674720 0.5033054 0.8101968 -0.0038175 0.0027618 0.5861382
1.4234551 0.9696382 0.5032841 0.8099716 -0.0038242 0.0027689 0.5864497
1.4230099 0.9718043 0.5032628 0.8085681 -0.0038293 0.0027866 0.5883355
1.4225647 0.9739705 0.5032416 0.8057339 -0.0038325 0.0028174 0.5921329
1.4221195 0.9761366 0.5032203 0.8028996 -0.0038358 0.0028481 0.5959303
1.4216743 0.9783028 0.5031990 0.8000654 -0.0038390 0.0028788 0.5997276
1.4212291 0.9804689 0.5031777 0.7972311 -0.0038422 0.0029095 0.6035250
1.4207839 0.9826351 0.5031564 0.7943969 -0.0038455 0.0029403 0.6073224
1.4203387 0.9848012 0.5031351 0.7913728 -0.0038435 0.0029689 0.6112600
1.4198935 0.9869674 0.5031138 0.7880973 -0.0038346 0.0029946 0.6153835
1.4194483 0.9891335 0.5030925 0.7848218 -0.0038257 0.0030204 0.6195070
1.4190031 0.9912997 0.5030712 0.7815463 -0.0038168 0.0030461 0.6236305
1.4185579 0.9934658 0.5030499 0.7782709 -0.0038079 0.0030719 0.6277539
1.4181127 0.9956320 0.5030286 0.7749954 -0.0037990 0.0030976 0.6318774
1.4176675 0.9977981 0.5030073 0.7715024 -0.0037835 0.0031195 0.6361453
1.4172223 0.9999643 0.5029860 0.7676947 -0.0037583 0.0031358 0.6406220
1.4167771 1.0021304 0.5029647 0.7638869 -0.0037332 0.0031521 0.6450987
1.4163319 1.0042966 0.5029434 0.7600792 -0.0037081 0.0031684 0.6495754
1.4158867 1.0064627 0.5029222 0.7562715 -0.0036830 0.0031847 0.6540521
1.4154415 1.0086289 0.5029009 0.7524638 -0.0036578 0.0032010 0.6585288
1.4154223 1.0106410 0.5028814 0.7484381 -0.0036302 0.0032161 0.6631181
1.4160775 1.0124091 0.5028650 0.7440673 -0.0035988 0.0032295 0.6678858
1.4167327 1.0141772 0.5028485 0.7396966 -0.0035674 0.0032430 0.6726535
1.4173879 1.0159454 0.5028321 0.7353258 -0.0035359 0.0032564 0.6774212
1.4180431 1.0177135 0.5028157 0.7309551 -0.0035045 0.0032698 0.6821889
1.4186983 1.0194816 0.5027992 0.7265843 -0.0034730 0.0032832 0.6869566
1.4198257 1.0210789 0.5027848 0.7219908 -0.0034391 0.0032949 0.6918118
1.4217727 1.0223798 0.5027741 0.7170105 -0.0034008 0.0033037 0.6968187
1.4237197 1.0236807 0.5027633 0.7120302 -0.0033626 0.0033126 0.7018257
1.4256666 1.0249816 0.5027526 0.7070500 -0.0033243 0.0033214 0.7068327
1.4276136 1.0262825 0.5027418 0.7020697 -0.0032860 0.0033302 0.7118396
1.4295606 1.0275834 0.5027310 0.6970895 -0.0032478 0.0033391 0.7168466
1.4315076 1.0288843 0.5027203 0.6924228 -0.0032106 0.0033448 0.7214352
1.4334545 1.0301852 0.5027095 0.6883541 -0.0031757 0.0033446 0.7252262
1.4354015 1.0314861 0.5026988 0.6842853 -0.0031407 0.0033443 0.7290172
1.4373485 1.0327870 0.5026880 0.6802165 -0.0031057 0.0033441 0.7328082
1.4392955 1.0340879 0.5026772 0.6761477 -0.0030707 0.0033438 0.7365992
1.4412424 1.0353887 0.5026665 0.6720789 -0.0030358 0.0033436 0.7403902
1.4431894 1.0366896 0.5026557 0.6684780 -0.0030034 0.0033412 0.7437033
1.4451364 1.0379905 0.5026449 0.6658597 -0.0029767 0.0033343 0.7460128
1.4470834 1.0392914 0.5026342 0.6632414 -0.0029499 0.0033273 0.7483223
1.4490303 1.0405923 0.5026234 0.6606232 -0.0029232 0.0033204 0.7506318
1.4509773 1.0418932 0.5026127 0.6580049 -0.0028964 0.0033134 0.7529413
1.4529243 1.0431941 0.5026019 0.6553866 -0.0028697 0.0033065 0.7552509
1.4548713 1.0444950 0.5025911 0.6530275 -0.0028453 0.0032996 0.7573156
1.4568182 1.0457959 0.5025804 0.6512700 -0.0028264 0.0032927 0.7588121
1.4587652 1.0470968 0.5025696 0.6495124 -0.0028075 0.0032859 0.7603087
1.4607122 1.0483977 0.5025589 0.6477549 -0.0027886 0.0032791 0.7618052
1.4626592 1.0496986 0.5025481 0.6459974 -0.0027697 0.0032722 0.7633018
1.4646061 1.0509995 0.5025373 0.6442398 -0.0027508 0.0032654 0.7647983
1.4665531 1.0523004 0.5025266 0.6428605 -0.0027354 0.0032592 0.7659712
1.4685001 1.0536012 0.5025158 0.6424558 -0.0027289 0.0032549 0.7663099
1.4704471 1.0549021 0.5025051 0.6420511 -0.0027223 0.0032506 0.7666486
1.4723940 1.0562030 0.5024943 0.6416464 -0.0027158 0.0032462 0.7669873
1.4743410 1.0575039 0.5024835 0.6412416 -0.0027092 0.0032419 0.7673260
1.4762880 1.0588048 0.5024728 0.6408369 -0.0027027 0.0032375 0.7676647
1.4777405 1.0600893 0.5024623 0.6404238 -0.0026960 0.0032331 0.7680099
1.4777716 1.0613265 0.5024528 0.6399865 -0.0026889 0.0032283 0.7683734
1.4778027 1.0625637 0.5024433 0.6395493 -0.0026819 0.0032236 0.7687369
1.4778338 1.0638010 0.5024338 0.6391120 -0.0026749 0.0032188 0.7691004
1.4778648 1.0650382 0.5024242 0.6386748 -0.0026678 0.0032141 0.7694639
1.4778959 1.0662754 0.5024147 0.6382375 -0.0026608 0.0032094 0.7698274
1.4773949 1.0674950 0.5024055 0.6377916 -0.0026536 0.0032045 0.7701974
1.4751769 1.0686575 0.5023975 0.6373178 -0.0026460 0.0031993 0.7705885
1.4729589 1.0698200 0.5023894 0.6368440 -0.0026384 0.0031941 0.7709795
1.4707408 1.0709825 0.5023813 0.6363701 -0.0026309 0.0031889 0.7713706
1.4685228 1.0721450 0.5023733 0.6358963 -0.0026233 0.0031837 0.7717616
1.4663048 1.0733075 0.5023652 0.6354225 -0.0026157 0.0031785 0.7721527
1.4640868 1.0744700 0.5023571 0.6350606 -0.0026083 0.0031726 0.7724514
1.4618687 1.0756325 0.5023490 0.6351075 -0.0026018 0.0031643 0.7724129
1.4596507 1.0767950 0.5023410 0.6351543 -0.0025953 0.0031559 0.7723745
1.4574327 1.0779575 0.5023329 0.6352011 -0.0025887 0.0031476 0.7723360
1.4552146 1.0791200 0.5023248 0.6352480 -0.0025822 0.0031393 0.7722975
1.4529966 1.0802825 0.5023168 0.6352948 -0.0025756 0.0031309 0.7722591
1.4507786 1.0814450 0.5023087 0.6353434 -0.0025689 0.0031223 0.7722191
1.4485606 1.0826075 0.5023006 0.6353995 -0.0025610 0.0031123 0.7721730
1.4463425 1.0837700 0.5022926 0.6354557 -0.0025532 0.0031023 0.7721269
1.4441245 1.0849325 0.5022845 0.6355118 -0.0025453 0.0030923 0.7720807
1.4419065 1.0860950 0.5022764 0.6355679 -0.0025375 0.0030823 0.7720346
1.4396885 1.0872575 0.5022683 0.6356241 -0.0025296 0.0030724 0.7719885
1.4374704 1.0884200 0.5022603 0.6351407 -0.0025194 0.0030637 0.7723761
1.4352524 1.0895825 0.5022522 0.6320613 -0.0024976 0.0030613 0.7748511
1.4330344 1.0907450 0.5022441 0.6289819 -0.0024758 0.0030589 0.7773260
1.4308163 1.0919075 0.5022361 0.6259025 -0.0024540 0.0030566 0.7798010
1.4285983 1.0930700 0.5022280 0.6228231 -0.0024322 0.0030542 0.7822760
1.4263803 1.0942325 0.5022199 0.6197436 -0.0024105 0.0030518 0.7847510
1.4241623 1.0953950 0.5022119 0.6160188 -0.0023857 0.0030501 0.7876748
1.4219442 1.0965575 0.5022038 0.6086522 -0.0023440 0.0030525 0.7931310
1.4197262 1.0977200 0.5021957 0.6012855 -0.0023023 0.0030549 0.7985872
1.4175082 1.0988825 0.5021876 0.5939189 -0.0022607 0.0030573 0.8040434
1.4152901 1.1000450 0.5021796 0.5865523 -0.0022190 0.0030597 0.8094996
1.4130721 1.1012075 0.5021715 0.5791856 -0.0021774 0.0030621 0.8149558
1.4109597 1.1023649 0.5021633 0.5717249 -0.0021350 0.0030632 0.8203935
1.4095598 1.1034875 0.5021546 0.5636288 -0.0020877 0.0030554 0.8257063
1.4081599 1.1046102 0.5021459 0.5555327 -0.0020405 0.0030477 0.8310192
1.4067601 1.1057328 0.5021371 0.5474366 -0.0019933 0.0030400 0.8363320
1.4053602 1.1068555 0.5021284 0.5393405 -0.0019460 0.0030323 0.8416449
1.4039604 1.1079781 0.5021196 0.5312444 -0.0018988 0.0030245 0.8469577
1.4026638 1.1090958 0.5021108 0.5230897 -0.0018512 0.0030156 0.8522332
1.4022244 1.1101716 0.5021013 0.5144490 -0.0018010 0.0029965 0.8571986
1.4017850 1.1112475 0.5020917 0.5058082 -0.0017507 0.0029773 0.8621640
1.4013456 1.1123234 0.5020822 0.4971675 -0.0017004 0.0029582 0.8671294
1.4009062 1.1133993 0.5020727 0.4885268 -0.0016501 0.0029390 0.8720948
1.4004668 1.1144751 0.5020631 0.4798860 -0.0015998 0.0029199 0.8770602
1.4000274 1.1155510 0.5020536 0.4712208 -0.0015496 0.0028998 0.8819804
1.3995879 1.1166269 0.5020441 0.4622948 -0.0014994 0.0028694 0.8864199
1.3991485 1.1177028 0.5020345 0.4533689 -0.0014493 0.0028390 0.8908594
1.3987091 1.1187787 0.5020250 0.4444430 -0.0013992 0.0028086 0.8952990
1.3982697 1.1198545 0.5020155 0.4355171 -0.0013491 0.0027782 0.8997385
1.3978303 1.1209304 0.5020059 0.4265912 -0.0012990 0.0027478 0.9041780
1.3973909 1.1220063 0.5019964 0.4176658 -0.0012491 0.0027168 0.9085760
1.3969515 1.1230822 0.5019869 0.4087471 -0.0012023 0.0026769 0.9123713
1.3965121 1.1241580 0.5019773 0.3998283 -0.0011556 0.0026370 0.9161667
1.3960727 1.1252339 0.5019678 0.3909096 -0.0011088 0.0025971 0.9199621
1.3956333 1.1263098 0.5019583 0.3819909 -0.0010620 0.0025572 0.9237575
1.3951939 1.1273857 0.5019487 0.3730722 -0.0010153 0.0025172 0.9275529
1.3947545 1.1284616 0.5019392 0.3643750 -0.0009697 0.0024783 0.9312463
1.3943151 1.1295374 0.5019297 0.3606063 -0.0009519 0.0024605 0.9326692
1.3938757 1.1306133 0.5019201 0.3568376 -0.0009340 0.0024428 0.9340922
1.3934363 1.1316892 0.5019106 0.3530689 -0.0009161 0.0024250 0.9355151
1.3929969 1.1327651 0.5019011 0.3493003 -0.0008982 0.0024073 0.9369381
1.3925575 1.1338409 0.5018915 0.3455316 -0.0008804 0.0023895 0.9383610
1.3921181 1.1349168 0.5018820 0.3418974 -0.0008632 0.0023725 0.9397334
1.3916787 1.1359927 0.5018725 0.3443827 -0.0008770 0.0023898 0.9388068
1.3912393 1.1370686 0.5018629 0.3468680 -0.0008907 0.0024071 0.9378801
1.3907999 1.1381445 0.5018534 0.3493533 -0.0009045 0.0024244 0.9369535
1.3903605 1.1392203 0.5018439 0.3518386 -0.0009183 0.0024417 0.9360268
1.3899211 1.1402962 0.5018343 0.3543239 -0.0009321 0.0024591 0.9351002
1.3894817 1.1413721 0.5018248 0.3568092 -0.0009459 0.0024764 0.9341735
