-0.3829459 1.2210541 -0.7623243 1.0000000 0.0000000 0.0000000 0.0000000
-0.3753202 1.2259136 -0.7610534 1.0000000 0.0000000 0.0000000 0.0000000
-0.3676945 1.2307731 -0.7597824 1.0000000 0.0000000 0.0000000 0.0000000
-0.3600688 1.2356326 -0.7585115 1.0000000 0.0000000 0.0000000 0.0000000
-0.3524430 1.2404922 -0.7572405 1.0000000 0.0000000 0.0000000 0.0000000
-0.3448173 1.2453517 -0.7559696 1.0000000 0.0000000 0.0000000 0.0000000
-0.3371916 1.2502112 -0.7546986 1.0000000 0.0000000 0.0000000 0.0000000
-0.3291347 1.2546953 -0.7539359 1.0000000 0.0000000 0.0000000 0.0000000
-0.3210667 1.2591697 -0.7531864 1.0000000 0.0000000 0.0000000 0.0000000
-0.3129988 1.2636441 -0.7524368 1.0000000 0.0000000 0.0000000 0.0000000
-0.3049308 1.2681184 -0.7516872 1.0000000 0.0000000 0.0000000 0.0000000
-0.2968628 1.2725928 -0.7509377 1.0000000 0.0000000 0.0000000 0.0000000
-0.2887948 1.2770672 -0.7501881 1.0000000 0.0000000 0.0000000 0.0000000
-0.2795313 1.2805005 -0.7508479 1.0000000 0.0000000 0.0000000 0.0000000
-0.2702046 1.2838786 -0.7515823 1.0000000 0.0000000 0.0000000 0.0000000
-0.2608779 1.2872568 -0.7523167 1.0000000 0.0000000 0.0000000 0.0000000
-0.2515512 1.2906350 -0.7530511 1.0000000 0.0000000 0.0000000 0.0000000
-0.2422244 1.2940132 -0.7537855 1.0000000 0.0000000 0.0000000 0.0000000
-0.2328977 1.2973914 -0.7545199 1.0000000 0.0000000 0.0000000 0.0000000
-0.2235710 1.3007696 -0.7552543 1.0000000 0.0000000 0.0000000 0.0000000
-0.2142443 1.3041477 -0.7559886 1.0000000 0.0000000 0.0000000 0.0000000
-0.2049175 1.3075259 -0.7567230 1.0000000 0.0000000 0.0000000 0.0000000
-0.1955908 1.3109041 -0.7574574 1.0000000 0.0000000 0.0000000 0.0000000
-0.1862641 1.3142823 -0.7581918 1.0000000 0.0000000 0.0000000 0.0000000
-0.1769374 1.3176605 -0.7589262 1.0000000 0.0000000 0.0000000 0.0000000
-0.1662490 1.3133599 -0.7603450 1.0000000 0.0000000 0.0000000 0.0000000
-0.1554085 1.3082013 -0.7618402 1.0000000 0.0000000 0.0000000 0.0000000
-0.1445680 1.3030427 -0.7633354 1.0000000 0.0000000 0.0000000 0.0000000
-0.1337275 1.2978841 -0.7648307 1.0000000 0.0000000 0.0000000 0.0000000
-0.1228870 1.2927256 -0.7663259 1.0000000 0.0000000 0.0000000 0.0000000
-0.1120466 1.2875670 -0.7678212 1.0000000 0.0000000 0.0000000 0.0000000
-0.1012061 1.2824084 -0.7693164 1.0000000 0.0000000 0.0000000 0.0000000
-0.0903656 1.2772498 -0.7708116 1.0000000 0.0000000 0.0000000 0.0000000
-0.0795251 1.2720912 -0.7723069 1.0000000 0.0000000 0.0000000 0.0000000
-0.0686846 1.2669327 -0.7738021 1.0000000 0.0000000 0.0000000 0.0000000
-0.0578441 1.2617741 -0.7752974 1.0000000 0.0000000 0.0000000 0.0000000
-0.0470036 1.2566155 -0.7767926 1.0000000 0.0000000 0.0000000 0.0000000
-0.0359328 1.2559538 -0.7784753 1.0000000 0.0000000 0.0000000 0.0000000
-0.0248210 1.2560904 -0.7801913 1.0000000 0.0000000 0.0000000 0.0000000
-0.0137092 1.2562270 -0.7819073 1.0000000 0.0000000 0.0000000 0.0000000
-0.0025975 1.2563635 -0.7836233 1.0000000 0.0000000 0.0000000 0.0000000
0.0085143 1.2565001 -0.7853393 1.0000000 0.0000000 0.0000000 0.0000000
0.0196260 1.2566367 -0.7870553 1.0000000 0.0000000 0.0000000 0.0000000
0.0308008 1.2580041 -0.7888226 1.0000000 0.0000000 0.0000000 0.0000000
0.0419891 1.2596342 -0.7906009 1.0000000 0.0000000 0.0000000 0.0000000
0.0531774 1.2612643 -0.7923792 1.0000000 0.0000000 0.0000000 0.0000000
0.0643656 1.2628943 -0.7941575 1.0000000 0.0000000 0.0000000 0.0000000
0.0755539 1.2645244 -0.7959357 1.0000000 0.0000000 0.0000000 0.0000000
0.0867422 1.2661545 -0.7977140 1.0000000 0.0000000 0.0000000 0.0000000
0.0977706 1.2674009 -0.7988209 1.0000000 0.0000000 0.0000000 0.0000000
0.1087588 1.2685509 -0.7997590 1.0000000 0.0000000 0.0000000 0.0000000
0.1197470 1.2697008 -0.8006970 1.0000000 0.0000000 0.0000000 0.0000000
0.1307352 1.2708508 -0.8016350 1.0000000 0.0000000 0.0000000 0.0000000
0.1417234 1.2720007 -0.8025731 1.0000000 0.0000000 0.0000000 0.0000000
0.1527117 1.2731507 -0.8035111 1.0000000 0.0000000 0.0000000 0.0000000
0.1635680 1.2739841 -0.8038952 1.0000000 0.0000000 0.0000000 0.0000000
0.1743858 1.2747251 -0.8041175 1.0000000 0.0000000 0.0000000 0.0000000
0.1852036 1.2754660 -0.8043398 1.0000000 0.0000000 0.0000000 0.0000000
0.1960214 1.2762069 -0.8045621 1.0000000 0.0000000 0.0000000 0.0000000
0.2068392 1.2769479 -0.8047844 1.0000000 0.0000000 0.0000000 0.0000000
0.2176570 1.2776888 -0.8050066 1.0000000 0.0000000 0.0000000 0.0000000
0.2283749 1.2771982 -0.8052123 1.0000000 0.0000000 0.0000000 0.0000000
0.2390593 1.2762942 -0.8054123 1.0000000 0.0000000 0.0000000 0.0000000
0.2497437 1.2753903 -0.8056124 1.0000000 0.0000000 0.0000000 0.0000000
0.2604282 1.2744863 -0.8058125 1.0000000 0.0000000 0.0000000 0.0000000
0.2711126 1.2735824 -0.8060125 1.0000000 0.0000000 0.0000000 0.0000000
0.2817970 1.2726784 -0.8062126 1.0000000 0.0000000 0.0000000 0.0000000
0.2922563 1.2689971 -0.8063751 1.0000000 0.0000000 0.0000000 0.0000000
0.3026295 1.2642551 -0.8065233 1.0000000 0.0000000 0.0000000 0.0000000
0.3130027 1.2595130 -0.8066715 1.0000000 0.0000000 0.0000000 0.0000000
0.3233759 1.2547710 -0.8068197 1.0000000 0.0000000 0.0000000 0.0000000
0.3337492 1.2500290 -0.8069678 1.0000000 0.0000000 0.0000000 0.0000000
0.3441224 1.2452869 -0.8071160 1.0000000 0.0000000 0.0000000 0.0000000
0.3544148 1.2411283 -0.8071072 1.0000000 0.0000000 0.0000000 0.0000000
0.3646724 1.2372216 -0.8070306 1.0000000 0.0000000 0.0000000 0.0000000
0.3749300 1.2333149 -0.8069540 1.0000000 0.0000000 0.0000000 0.0000000
0.3851875 1.2294081 -0.8068774 1.0000000 0.0000000 0.0000000 0.0000000
0.3954451 1.2255014 -0.8068008 1.0000000 0.0000000 0.0000000 0.0000000
0.4057026 1.2215947 -0.8067241 1.0000000 0.0000000 0.0000000 0.0000000
0.4147400 1.2265000 -0.8042760 1.0000000 0.0000000 0.0000000 0.0000000
0.4231854 1.2356798 -0.8006775 1.0000000 0.0000000 0.0000000 0.0000000
0.4316309 1.2448597 -0.7970790 1.0000000 0.0000000 0.0000000 0.0000000
0.4400764 1.2540395 -0.7934805 1.0000000 0.0000000 0.0000000 0.0000000
0.4485218 1.2632194 -0.7898820 1.0000000 0.0000000 0.0000000 0.0000000
0.4569673 1.2723992 -0.7862835 1.0000000 0.0000000 0.0000000 0.0000000
0.4654127 1.2815791 -0.7826850 1.0000000 0.0000000 0.0000000 0.0000000
0.4738582 1.2907589 -0.7790865 1.0000000 0.0000000 0.0000000 0.0000000
0.4823037 1.2999388 -0.7754880 1.0000000 0.0000000 0.0000000 0.0000000
0.4907491 1.3091186 -0.7718895 1.0000000 0.0000000 0.0000000 0.0000000
0.4991946 1.3182985 -0.7682910 1.0000000 0.0000000 0.0000000 0.0000000
0.5076400 1.3274783 -0.7646925 1.0000000 0.0000000 0.0000000 0.0000000
0.5154905 1.3282062 -0.7622915 1.0000000 0.0000000 0.0000000 0.0000000
0.5229812 1.3238219 -0.7606149 1.0000000 0.0000000 0.0000000 0.0000000
0.5304718 1.3194377 -0.7589382 1.0000000 0.0000000 0.0000000 0.0000000
0.5379624 1.3150535 -0.7572616 1.0000000 0.0000000 0.0000000 0.0000000
0.5454530 1.3106693 -0.7555849 1.0000000 0.0000000 0.0000000 0.0000000
0.5529436 1.3062850 -0.7539083 1.0000000 0.0000000 0.0000000 0.0000000
0.5602915 1.2998730 -0.7525189 1.0000000 0.0000000 0.0000000 0.0000000
0.5675434 1.2920978 -0.7513227 1.0000000 0.0000000 0.0000000 0.0000000
0.5747954 1.2843225 -0.7501265 1.0000000 0.0000000 0.0000000 0.0000000
0.5820473 1.2765473 -0.7489303 1.0000000 0.0000000 0.0000000 0.0000000
0.5892992 1.2687720 -0.7477342 1.0000000 0.0000000 0.0000000 0.0000000
0.5965511 1.2609968 -0.7465380 1.0000000 0.0000000 0.0000000 0.0000000
0.6037116 1.2560977 -0.7442752 1.0000000 0.0000000 0.0000000 0.0000000
0.6108038 1.2533433 -0.7412171 1.0000000 0.0000000 0.0000000 0.0000000
0.6178961 1.2505888 -0.7381590 1.0000000 0.0000000 0.0000000 0.0000000
0.6249884 1.2478343 -0.7351010 1.0000000 0.0000000 0.0000000 0.0000000
0.6320807 1.2450799 -0.7320429 1.0000000 0.0000000 0.0000000 0.0000000
0.6391730 1.2423254 -0.7289848 1.0000000 0.0000000 0.0000000 0.0000000
0.6462019 1.2415623 -0.7251883 1.0000000 0.0000000 0.0000000 0.0000000
0.6531786 1.2424436 -0.7207819 1.0000000 0.0000000 0.0000000 0.0000000
0.6601553 1.2433249 -0.7163756 1.0000000 0.0000000 0.0000000 0.0000000
0.6671320 1.2442061 -0.7119693 1.0000000 0.0000000 0.0000000 0.0000000
0.6741087 1.2450874 -0.7075629 1.0000000 0.0000000 0.0000000 0.0000000
0.6810854 1.2459687 -0.7031566 1.0000000 0.0000000 0.0000000 0.0000000
0.6878205 1.2468276 -0.6986995 1.0000000 0.0000000 0.0000000 0.0000000
0.6943350 1.2476661 -0.6941960 1.0000000 0.0000000 0.0000000 0.0000000
0.7008495 1.2485046 -0.6896925 1.0000000 0.0000000 0.0000000 0.0000000
0.7073640 1.2493431 -0.6851890 1.0000000 0.0000000 0.0000000 0.0000000
0.7138785 1.2501816 -0.6806855 1.0000000 0.0000000 0.0000000 0.0000000
0.7203930 1.2510201 -0.6761820 1.0000000 0.0000000 0.0000000 0.0000000
0.7264190 1.2518134 -0.6715758 1.0000000 0.0000000 0.0000000 0.0000000
0.7319513 1.2525610 -0.6668657 1.0000000 0.0000000 0.0000000 0.0000000
0.7374837 1.2533086 -0.6621557 1.0000000 0.0000000 0.0000000 0.0000000
0.7430161 1.2540562 -0.6574457 1.0000000 0.0000000 0.0000000 0.0000000
0.7485485 1.2548039 -0.6527357 1.0000000 0.0000000 0.0000000 0.0000000
0.7540809 1.2555515 -0.6480257 1.0000000 0.0000000 0.0000000 0.0000000
0.7597160 1.2561693 -0.6434227 1.0000000 0.0000000 0.0000000 0.0000000
0.7654657 1.2566421 -0.6389392 1.0000000 0.0000000 0.0000000 0.0000000
0.7712154 1.2571149 -0.6344557 1.0000000 0.0000000 0.0000000 0.0000000
0.7769651 1.2575877 -0.6299721 1.0000000 0.0000000 0.0000000 0.0000000
0.7827149 1.2580605 -0.6254886 1.0000000 0.0000000 0.0000000 0.0000000
0.7884646 1.2585333 -0.6210051 1.0000000 0.0000000 0.0000000 0.0000000
0.7950892 1.2578999 -0.6174332 1.0000000 0.0000000 0.0000000 0.0000000
0.8027950 1.2558994 -0.6149881 1.0000000 0.0000000 0.0000000 0.0000000
0.8105008 1.2538988 -0.6125430 1.0000000 0.0000000 0.0000000 0.0000000
0.8182067 1.2518983 -0.6100979 1.0000000 0.0000000 0.0000000 0.0000000
0.8259125 1.2498977 -0.6076528 1.0000000 0.0000000 0.0000000 0.0000000
0.8336183 1.2478972 -0.6052077 1.0000000 0.0000000 0.0000000 0.0000000
0.8413241 1.2458966 -0.6027625 1.0000000 0.0000000 0.0000000 0.0000000
0.8490300 1.2438961 -0.6003174 1.0000000 0.0000000 0.0000000 0.0000000
0.8567358 1.2418955 -0.5978723 1.0000000 0.0000000 0.0000000 0.0000000
0.8644416 1.2398950 -0.5954272 1.0000000 0.0000000 0.0000000 0.0000000
0.8721474 1.2378944 -0.5929821 1.0000000 0.0000000 0.0000000 0.0000000
0.8798533 1.2358939 -0.5905369 1.0000000 0.0000000 0.0000000 0.0000000
0.8876350 1.2340451 -0.5883448 1.0000000 0.0000000 0.0000000 0.0000000
0.8955320 1.2324269 -0.5865369 1.0000000 0.0000000 0.0000000 0.0000000
0.9034290 1.2308086 -0.5847290 1.0000000 0.0000000 0.0000000 0.0000000
0.9113260 1.2291904 -0.5829211 1.0000000 0.0000000 0.0000000 0.0000000
0.9192229 1.2275722 -0.5811132 1.0000000 0.0000000 0.0000000 0.0000000
0.9271199 1.2259540 -0.5793053 1.0000000 0.0000000 0.0000000 0.0000000
0.9350285 1.2243589 -0.5775359 1.0000000 0.0000000 0.0000000 0.0000000
0.9429566 1.2228029 -0.5758318 1.0000000 0.0000000 0.0000000 0.0000000
0.9508847 1.2212469 -0.5741276 1.0000000 0.0000000 0.0000000 0.0000000
0.9588128 1.2196909 -0.5724234 1.0000000 0.0000000 0.0000000 0.0000000
0.9667409 1.2181350 -0.5707192 1.0000000 0.0000000 0.0000000 0.0000000
0.9746690 1.2165790 -0.5690151 1.0000000 0.0000000 0.0000000 0.0000000
0.9829954 1.2147044 -0.5670401 1.0000000 0.0000000 0.0000000 0.0000000
0.9920719 1.2122297 -0.5645550 1.0000000 0.0000000 0.0000000 0.0000000
1.0011485 1.2097549 -0.5620698 1.0000000 0.0000000 0.0000000 0.0000000
1.0102251 1.2072802 -0.5595847 1.0000000 0.0000000 0.0000000 0.0000000
1.0193017 1.2048054 -0.5570996 1.0000000 0.0000000 0.0000000 0.0000000
1.0283782 1.2023306 -0.5546145 1.0000000 0.0000000 0.0000000 0.0000000
1.0376812 1.1996748 -0.5519754 1.0000000 0.0000000 0.0000000 0.0000000
1.0474617 1.1966369 -0.5490116 1.0000000 0.0000000 0.0000000 0.0000000
1.0572421 1.1935990 -0.5460478 1.0000000 0.0000000 0.0000000 0.0000000
1.0670226 1.1905612 -0.5430841 1.0000000 0.0000000 0.0000000 0.0000000
1.0768031 1.1875233 -0.5401203 1.0000000 0.0000000 0.0000000 0.0000000
1.0865836 1.1844854 -0.5371565 1.0000000 0.0000000 0.0000000 0.0000000
1.0962972 1.1816479 -0.5342011 1.0000000 0.0000000 0.0000000 0.0000000
1.1058525 1.1792858 -0.5312654 1.0000000 0.0000000 0.0000000 0.0000000
1.1154077 1.1769236 -0.5283298 1.0000000 0.0000000 0.0000000 0.0000000
1.1249629 1.1745615 -0.5253942 1.0000000 0.0000000 0.0000000 0.0000000
1.1345181 1.1721994 -0.5224586 1.0000000 0.0000000 0.0000000 0.0000000
1.1440734 1.1698372 -0.5195230 1.0000000 0.0000000 0.0000000 0.0000000
1.1535289 1.1677743 -0.5165998 1.0000000 0.0000000 0.0000000 0.0000000
1.1627166 1.1665147 -0.5137101 1.0000000 0.0000000 0.0000000 0.0000000
1.1719043 1.1652551 -0.5108204 1.0000000 0.0000000 0.0000000 0.0000000
1.1810920 1.1639955 -0.5079307 1.0000000 0.0000000 0.0000000 0.0000000
1.1902797 1.1627358 -0.5050411 1.0000000 0.0000000 0.0000000 0.0000000
1.1994674 1.1614762 -0.5021514 1.0000000 0.0000000 0.0000000 0.0000000
1.2086169 1.1601866 -0.4992474 1.0000000 0.0000000 0.0000000 0.0000000
1.2176493 1.1588052 -0.4962996 1.0000000 0.0000000 0.0000000 0.0000000
1.2266817 1.1574238 -0.4933518 1.0000000 0.0000000 0.0000000 0.0000000
1.2357141 1.1560424 -0.4904040 1.0000000 0.0000000 0.0000000 0.0000000
1.2447465 1.1546609 -0.4874562 1.0000000 0.0000000 0.0000000 0.0000000
1.2537789 1.1532795 -0.4845084 1.0000000 0.0000000 0.0000000 0.0000000
1.2626003 1.1517326 -0.4814817 1.0000000 0.0000000 0.0000000 0.0000000
1.2706786 1.1496029 -0.4781769 1.0000000 0.0000000 0.0000000 0.0000000
1.2787568 1.1474732 -0.4748722 1.0000000 0.0000000 0.0000000 0.0000000
1.2868351 1.1453435 -0.4715675 1.0000000 0.0000000 0.0000000 0.0000000
1.2949134 1.1432137 -0.4682627 1.0000000 0.0000000 0.0000000 0.0000000
1.3029916 1.1410840 -0.4649580 1.0000000 0.0000000 0.0000000 0.0000000
1.3110699 1.1389543 -0.4616532 1.0000000 0.0000000 0.0000000 0.0000000
1.3191482 1.1368246 -0.4583485 1.0000000 0.0000000 0.0000000 0.0000000
1.3272264 1.1346948 -0.4550437 1.0000000 0.0000000 0.0000000 0.0000000
1.3353047 1.1325651 -0.4517390 1.0000000 0.0000000 0.0000000 0.0000000
1.3433830 1.1304354 -0.4484342 1.0000000 0.0000000 0.0000000 0.0000000
1.3514612 1.1283057 -0.4451295 1.0000000 0.0000000 0.0000000 0.0000000
1.3595164 1.1261927 -0.4417708 1.0000000 0.0000000 0.0000000 0.0000000
1.3674596 1.1241608 -0.4381505 1.0000000 0.0000000 0.0000000 0.0000000
1.3754028 1.1221288 -0.4345302 1.0000000 0.0000000 0.0000000 0.0000000
1.3833460 1.1200969 -0.4309099 1.0000000 0.0000000 0.0000000 0.0000000
1.3912892 1.1180650 -0.4272896 1.0000000 0.0000000 0.0000000 0.0000000
1.3992324 1.1160331 -0.4236693 1.0000000 0.0000000 0.0000000 0.0000000
1.4071729 1.1140031 -0.4200427 1.0000000 0.0000000 0.0000000 0.0000000
1.4150977 1.1119846 -0.4163794 1.0000000 0.0000000 0.0000000 0.0000000
1.4230224 1.1099660 -0.4127160 1.0000000 0.0000000 0.0000000 0.0000000
1.4309472 1.1079474 -0.4090527 1.0000000 0.0000000 0.0000000 0.0000000
1.4388720 1.1059288 -0.4053894 1.0000000 0.0000000 0.0000000 0.0000000
1.4467967 1.1039103 -0.4017260 1.0000000 0.0000000 0.0000000 0.0000000
1.4545213 1.1018518 -0.3980476 1.0000000 0.0000000 0.0000000 0.0000000
1.4607856 1.0995028 -0.3942591 1.0000000 0.0000000 0.0000000 0.0000000
1.4670498 1.0971538 -0.3904707 1.0000000 0.0000000 0.0000000 0.0000000
1.4733141 1.0948049 -0.3866822 1.0000000 0.0000000 0.0000000 0.0000000
1.4795784 1.0924559 -0.3828938 1.0000000 0.0000000 0.0000000 0.0000000
1.4858427 1.0901069 -0.3791053 1.0000000 0.0000000 0.0000000 0.0000000
1.4920254 1.0877416 -0.3753107 1.0000000 0.0000000 0.0000000 0.0000000
1.4974343 1.0852224 -0.3714578 1.0000000 0.0000000 0.0000000 0.0000000
1.5028432 1.0827032 -0.3676049 1.0000000 0.0000000 0.0000000 0.0000000
1.5082520 1.0801840 -0.3637520 1.0000000 0.0000000 0.0000000 0.0000000
1.5136609 1.0776648 -0.3598991 1.0000000 0.0000000 0.0000000 0.0000000
1.5190698 1.0751456 -0.3560461 1.0000000 0.0000000 0.0000000 0.0000000
1.5245269 1.0725782 -0.3521845 1.0000000 0.0000000 0.0000000 0.0000000
1.5306204 1.0693743 -0.3482071 1.0000000 0.0000000 0.0000000 0.0000000
1.5367140 1.0661705 -0.3442297 1.0000000 0.0000000 0.0000000 0.0000000
1.5428075 1.0629666 -0.3402523 1.0000000 0.0000000 0.0000000 0.0000000
1.5489010 1.0597628 -0.3362749 1.0000000 0.0000000 0.0000000 0.0000000
1.5549946 1.0565589 -0.3322975 1.0000000 0.0000000 0.0000000 0.0000000
1.5611308 1.0533123 -0.3283123 1.0000000 0.0000000 0.0000000 0.0000000
1.5681698 1.0491631 -0.3241631 1.0000000 0.0000000 0.0000000 0.0000000
1.5752088 1.0450138 -0.3200138 1.0000000 0.0000000 0.0000000 0.0000000
1.5822478 1.0408645 -0.3158645 1.0000000 0.0000000 0.0000000 0.0000000
1.5892867 1.0367152 -0.3117152 1.0000000 0.0000000 0.0000000 0.0000000
1.5963257 1.0325659 -0.3075659 1.0000000 0.0000000 0.0000000 0.0000000
1.6033509 1.0284183 -0.3034189 1.0000000 0.0000000 0.0000000 0.0000000
1.6097045 1.0243550 -0.2993819 1.0000000 0.0000000 0.0000000 0.0000000
1.6160581 1.0202916 -0.2953450 1.0000000 0.0000000 0.0000000 0.0000000
1.6224117 1.0162282 -0.2913081 1.0000000 0.0000000 0.0000000 0.0000000
1.6287653 1.0121649 -0.2872711 1.0000000 0.0000000 0.0000000 0.0000000
1.6351189 1.0081015 -0.2832342 1.0000000 0.0000000 0.0000000 0.0000000
1.6414725 1.0040381 -0.2791973 1.0000000 0.0000000 0.0000000 0.0000000
1.6447195 1.0003642 -0.2756696 1.0000000 0.0000000 0.0000000 0.0000000
1.6479508 0.9966923 -0.2721446 1.0000000 0.0000000 0.0000000 0.0000000
1.6511821 0.9930203 -0.2686195 1.0000000 0.0000000 0.0000000 0.0000000
1.6544134 0.9893484 -0.2650945 1.0000000 0.0000000 0.0000000 0.0000000
1.6576447 0.9856765 -0.2615694 1.0000000 0.0000000 0.0000000 0.0000000
1.6608760 0.9820045 -0.2580443 1.0000000 0.0000000 0.0000000 0.0000000
1.6641073 0.9783326 -0.2545193 1.0000000 0.0000000 0.0000000 0.0000000
1.6673386 0.9746606 -0.2509942 1.0000000 0.0000000 0.0000000 0.0000000
1.6705699 0.9709887 -0.2474692 1.0000000 0.0000000 0.0000000 0.0000000
1.6738013 0.9673168 -0.2439441 1.0000000 0.0000000 0.0000000 0.0000000
1.6770326 0.9636448 -0.2404190 1.0000000 0.0000000 0.0000000 0.0000000
1.6802639 0.9599729 -0.2368940 1.0000000 0.0000000 0.0000000 0.0000000
1.6826187 0.9567876 -0.2339855 1.0000000 0.0000000 0.0000000 0.0000000
1.6849222 0.9536309 -0.2311132 1.0000000 0.0000000 0.0000000 0.0000000
1.6872257 0.9504741 -0.2282408 1.0000000 0.0000000 0.0000000 0.0000000
1.6895292 0.9473173 -0.2253685 1.0000000 0.0000000 0.0000000 0.0000000
1.6918327 0.9441606 -0.2224961 1.0000000 0.0000000 0.0000000 0.0000000
1.6941362 0.9410038 -0.2196238 1.0000000 0.0000000 0.0000000 0.0000000
1.6963655 0.9378882 -0.2168036 1.0000000 0.0000000 0.0000000 0.0000000
1.6985884 0.9347763 -0.2139881 1.0000000 0.0000000 0.0000000 0.0000000
1.7008112 0.9316643 -0.2111725 1.0000000 0.0000000 0.0000000 0.0000000
1.7030340 0.9285523 -0.2083569 1.0000000 0.0000000 0.0000000 0.0000000
1.7052569 0.9254404 -0.2055413 1.0000000 0.0000000 0.0000000 0.0000000
1.7074797 0.9223284 -0.2027257 1.0000000 0.0000000 0.0000000 0.0000000
1.7076295 0.9209741 -0.2007213 1.0000000 0.0000000 0.0000000 0.0000000
1.7075346 0.9198271 -0.1988126 1.0000000 0.0000000 0.0000000 0.0000000
1.7074398 0.9186801 -0.1969040 1.0000000 0.0000000 0.0000000 0.0000000
1.7073449 0.9175331 -0.1949953 1.0000000 0.0000000 0.0000000 0.0000000
1.7072501 0.9163861 -0.1930866 1.0000000 0.0000000 0.0000000 0.0000000
1.7071552 0.9152391 -0.1911779 1.0000000 0.0000000 0.0000000 0.0000000
1.7061122 0.9148960 -0.1896403 1.0000000 0.0000000 0.0000000 0.0000000
1.7049267 0.9146738 -0.1881584 1.0000000 0.0000000 0.0000000 0.0000000
1.7037412 0.9144515 -0.1866765 1.0000000 0.0000000 0.0000000 0.0000000
1.7025557 0.9142292 -0.1851946 1.0000000 0.0000000 0.0000000 0.0000000
1.7013702 0.9140069 -0.1837127 1.0000000 0.0000000 0.0000000 0.0000000
1.7001847 0.9137846 -0.1822308 1.0000000 0.0000000 0.0000000 0.0000000
1.6991063 0.9139504 -0.1811050 1.0000000 0.0000000 0.0000000 0.0000000
1.6980477 0.9141878 -0.1800449 1.0000000 0.0000000 0.0000000 0.0000000
1.6969890 0.9144251 -0.1789848 1.0000000 0.0000000 0.0000000 0.0000000
1.6959304 0.9146625 -0.1779246 1.0000000 0.0000000 0.0000000 0.0000000
1.6948718 0.9148999 -0.1768645 1.0000000 0.0000000 0.0000000 0.0000000
1.6938131 0.9151372 -0.1758044 1.0000000 0.0000000 0.0000000 0.0000000
1.6928868 0.9158538 -0.1751840 1.0000000 0.0000000 0.0000000 0.0000000
1.6919896 0.9166762 -0.1746606 1.0000000 0.0000000 0.0000000 0.0000000
1.6910925 0.9174986 -0.1741373 1.0000000 0.0000000 0.0000000 0.0000000
1.6901953 0.9183209 -0.1736140 1.0000000 0.0000000 0.0000000 0.0000000
1.6892982 0.9191433 -0.1730906 1.0000000 0.0000000 0.0000000 0.0000000
1.6884011 0.9199657 -0.1725673 1.0000000 0.0000000 0.0000000 0.0000000
1.6870523 0.9210198 -0.1720965 1.0000000 0.0000000 0.0000000 0.0000000
1.6855864 0.9221339 -0.1716394 1.0000000 0.0000000 0.0000000 0.0000000
1.6841205 0.9232481 -0.1711823 1.0000000 0.0000000 0.0000000 0.0000000
1.6826546 0.9243623 -0.1707252 1.0000000 0.0000000 0.0000000 0.0000000
1.6811887 0.9254765 -0.1702681 1.0000000 0.0000000 0.0000000 0.0000000
1.6797228 0.9265907 -0.1698110 1.0000000 0.0000000 0.0000000 0.0000000
1.6767065 0.9285003 -0.1695345 1.0000000 0.0000000 0.0000000 0.0000000
1.6732240 0.9306490 -0.1693122 1.0000000 0.0000000 0.0000000 0.0000000
1.6697416 0.9327977 -0.1690899 1.0000000 0.0000000 0.0000000 0.0000000
1.6662592 0.9349465 -0.1688676 1.0000000 0.0000000 0.0000000 0.0000000
1.6627767 0.9370952 -0.1686453 1.0000000 0.0000000 0.0000000 0.0000000
1.6592943 0.9392440 -0.1684230 1.0000000 0.0000000 0.0000000 0.0000000
1.6558118 0.9413927 -0.1682008 1.0000000 0.0000000 0.0000000 0.0000000
1.6523294 0.9435414 -0.1679785 1.0000000 0.0000000 0.0000000 0.0000000
1.6488469 0.9456902 -0.1677562 1.0000000 0.0000000 0.0000000 0.0000000
1.6453645 0.9478389 -0.1675339 1.0000000 0.0000000 0.0000000 0.0000000
1.6418821 0.9499877 -0.1673116 1.0000000 0.0000000 0.0000000 0.0000000
1.6383996 0.9521364 -0.1670893 1.0000000 0.0000000 0.0000000 0.0000000
1.6339258 0.9545460 -0.1674410 1.0000000 0.0000000 0.0000000 0.0000000
1.6290637 0.9570578 -0.1680175 1.0000000 0.0000000 0.0000000 0.0000000
1.6242016 0.9595696 -0.1685939 1.0000000 0.0000000 0.0000000 0.0000000
1.6193395 0.9620814 -0.1691704 1.0000000 0.0000000 0.0000000 0.0000000
1.6144775 0.9645932 -0.1697468 1.0000000 0.0000000 0.0000000 0.0000000
1.6096154 0.9671051 -0.1703233 1.0000000 0.0000000 0.0000000 0.0000000
1.6047338 0.9696220 -0.1709111 1.0000000 0.0000000 0.0000000 0.0000000
1.5998435 0.9721412 -0.1715038 1.0000000 0.0000000 0.0000000 0.0000000
1.5949533 0.9746604 -0.1720966 1.0000000 0.0000000 0.0000000 0.0000000
1.5900631 0.9771796 -0.1726893 1.0000000 0.0000000 0.0000000 0.0000000
1.5851728 0.9796988 -0.1732821 1.0000000 0.0000000 0.0000000 0.0000000
1.5802826 0.9822181 -0.1738748 1.0000000 0.0000000 0.0000000 0.0000000
1.5752824 0.9841509 -0.1747241 1.0000000 0.0000000 0.0000000 0.0000000
1.5702277 0.9857929 -0.1757007 1.0000000 0.0000000 0.0000000 0.0000000
1.5651730 0.9874348 -0.1766772 1.0000000 0.0000000 0.0000000 0.0000000
1.5601183 0.9890767 -0.1776538 1.0000000 0.0000000 0.0000000 0.0000000
1.5550635 0.9907187 -0.1786304 1.0000000 0.0000000 0.0000000 0.0000000
1.5500088 0.9923606 -0.1796069 1.0000000 0.0000000 0.0000000 0.0000000
1.5449169 0.9938043 -0.1806702 1.0000000 0.0000000 0.0000000 0.0000000
1.5398044 0.9951380 -0.1817817 1.0000000 0.0000000 0.0000000 0.0000000
1.5346919 0.9964717 -0.1828931 1.0000000 0.0000000 0.0000000 0.0000000
1.5295793 0.9978054 -0.1840045 1.0000000 0.0000000 0.0000000 0.0000000
1.5244668 0.9991391 -0.1851159 1.0000000 0.0000000 0.0000000 0.0000000
1.5193543 1.0004728 -0.1862273 1.0000000 0.0000000 0.0000000 0.0000000
1.5139212 1.0017378 -0.1875677 1.0000000 0.0000000 0.0000000 0.0000000
1.5082900 1.0029604 -0.1890496 1.0000000 0.0000000 0.0000000 0.0000000
1.5026588 1.0041829 -0.1905315 1.0000000 0.0000000 0.0000000 0.0000000
1.4970277 1.0054055 -0.1920134 1.0000000 0.0000000 0.0000000 0.0000000
1.4913965 1.0066280 -0.1934953 1.0000000 0.0000000 0.0000000 0.0000000
1.4857653 1.0078506 -0.1949772 1.0000000 0.0000000 0.0000000 0.0000000
1.4798266 1.0090072 -0.1966787 1.0000000 0.0000000 0.0000000 0.0000000
1.4736767 1.0101187 -0.1985311 1.0000000 0.0000000 0.0000000 0.0000000
1.4675269 1.0112301 -0.2003835 1.0000000 0.0000000 0.0000000 0.0000000
1.4613770 1.0123415 -0.2022358 1.0000000 0.0000000 0.0000000 0.0000000
1.4552272 1.0134529 -0.2040882 1.0000000 0.0000000 0.0000000 0.0000000
1.4490774 1.0145643 -0.2059406 1.0000000 0.0000000 0.0000000 0.0000000
1.4428163 1.0156851 -0.2078772 1.0000000 0.0000000 0.0000000 0.0000000
1.4364706 1.0168131 -0.2098781 1.0000000 0.0000000 0.0000000 0.0000000
1.4301248 1.0179410 -0.2118789 1.0000000 0.0000000 0.0000000 0.0000000
1.4237791 1.0190690 -0.2138798 1.0000000 0.0000000 0.0000000 0.0000000
1.4174334 1.0201970 -0.2158806 1.0000000 0.0000000 0.0000000 0.0000000
1.4110877 1.0213249 -0.2178815 1.0000000 0.0000000 0.0000000 0.0000000
1.4044394 1.0224784 -0.2201117 1.0000000 0.0000000 0.0000000 0.0000000
1.3975361 1.0236534 -0.2225352 1.0000000 0.0000000 0.0000000 0.0000000
1.3906329 1.0248284 -0.2249587 1.0000000 0.0000000 0.0000000 0.0000000
1.3837296 1.0260035 -0.2273822 1.0000000 0.0000000 0.0000000 0.0000000
1.3768264 1.0271785 -0.2298056 1.0000000 0.0000000 0.0000000 0.0000000
1.3699231 1.0283535 -0.2322291 1.0000000 0.0000000 0.0000000 0.0000000
1.3630199 1.0295285 -0.2346526 1.0000000 0.0000000 0.0000000 0.0000000
1.3561166 1.0307036 -0.2370761 1.0000000 0.0000000 0.0000000 0.0000000
1.3492134 1.0318786 -0.2394996 1.0000000 0.0000000 0.0000000 0.0000000
1.3423101 1.0330536 -0.2419230 1.0000000 0.0000000 0.0000000 0.0000000
1.3354069 1.0342286 -0.2443465 1.0000000 0.0000000 0.0000000 0.0000000
1.3285037 1.0354036 -0.2467700 1.0000000 0.0000000 0.0000000 0.0000000
1.3215701 1.0369852 -0.2491676 1.0000000 0.0000000 0.0000000 0.0000000
1.3146052 1.0389857 -0.2515387 1.0000000 0.0000000 0.0000000 0.0000000
1.3076403 1.0409863 -0.2539097 1.0000000 0.0000000 0.0000000 0.0000000
1.3006754 1.0429868 -0.2562807 1.0000000 0.0000000 0.0000000 0.0000000
1.2937105 1.0449874 -0.2586517 1.0000000 0.0000000 0.0000000 0.0000000
1.2867457 1.0469880 -0.2610228 1.0000000 0.0000000 0.0000000 0.0000000
1.2797808 1.0489885 -0.2633938 1.0000000 0.0000000 0.0000000 0.0000000
1.2728159 1.0509891 -0.2657648 1.0000000 0.0000000 0.0000000 0.0000000
1.2658510 1.0529896 -0.2681358 1.0000000 0.0000000 0.0000000 0.0000000
1.2588861 1.0549902 -0.2705069 1.0000000 0.0000000 0.0000000 0.0000000
1.2519212 1.0569907 -0.2728779 1.0000000 0.0000000 0.0000000 0.0000000
1.2449564 1.0589913 -0.2752489 1.0000000 0.0000000 0.0000000 0.0000000
1.2379704 1.0638371 -0.2762703 1.0000000 0.0000000 0.0000000 0.0000000
1.2309578 1.0722719 -0.2755893 1.0000000 0.0000000 0.0000000 0.0000000
1.2239453 1.0807067 -0.2749083 1.0000000 0.0000000 0.0000000 0.0000000
1.2169327 1.0891415 -0.2742274 1.0000000 0.0000000 0.0000000 0.0000000
1.2099201 1.0975763 -0.2735464 1.0000000 0.0000000 0.0000000 0.0000000
1.2029075 1.1060112 -0.2728654 1.0000000 0.0000000 0.0000000 0.0000000
1.1958887 1.1152934 -0.2717825 1.0000000 0.0000000 0.0000000 0.0000000
1.1888611 1.1257601 -0.2701377 1.0000000 0.0000000 0.0000000 0.0000000
1.1818334 1.1362268 -0.2684929 1.0000000 0.0000000 0.0000000 0.0000000
1.1748058 1.1466935 -0.2668482 1.0000000 0.0000000 0.0000000 0.0000000
1.1677782 1.1571601 -0.2652034 1.0000000 0.0000000 0.0000000 0.0000000
1.1607506 1.1676268 -0.2635586 1.0000000 0.0000000 0.0000000 0.0000000
1.1538114 1.1746813 -0.2632568 1.0000000 0.0000000 0.0000000 0.0000000
1.1470096 1.1764424 -0.2650383 1.0000000 0.0000000 0.0000000 0.0000000
1.1402078 1.1782034 -0.2668197 1.0000000 0.0000000 0.0000000 0.0000000
1.1334059 1.1799645 -0.2686012 1.0000000 0.0000000 0.0000000 0.0000000
1.1266041 1.1817256 -0.2703826 1.0000000 0.0000000 0.0000000 0.0000000
1.1198023 1.1834867 -0.2721641 1.0000000 0.0000000 0.0000000 0.0000000
1.1130710 1.1825274 -0.2750162 1.0000000 0.0000000 0.0000000 0.0000000
1.1064615 1.1768726 -0.2797163 1.0000000 0.0000000 0.0000000 0.0000000
1.0998520 1.1712178 -0.2844163 1.0000000 0.0000000 0.0000000 0.0000000
1.0932425 1.1655630 -0.2891164 1.0000000 0.0000000 0.0000000 0.0000000
1.0866330 1.1599083 -0.2938165 1.0000000 0.0000000 0.0000000 0.0000000
1.0800235 1.1542535 -0.2985166 1.0000000 0.0000000 0.0000000 0.0000000
1.0733812 1.1494402 -0.3030674 1.0000000 0.0000000 0.0000000 0.0000000
1.0666756 1.1462479 -0.3073307 1.0000000 0.0000000 0.0000000 0.0000000
1.0599699 1.1430557 -0.3115939 1.0000000 0.0000000 0.0000000 0.0000000
1.0532643 1.1398634 -0.3158572 1.0000000 0.0000000 0.0000000 0.0000000
1.0465587 1.1366712 -0.3201205 1.0000000 0.0000000 0.0000000 0.0000000
1.0398530 1.1334789 -0.3243837 1.0000000 0.0000000 0.0000000 0.0000000
1.0330691 1.1322914 -0.3282914 1.0000000 0.0000000 0.0000000 0.0000000
1.0261162 1.1354314 -0.3314314 1.0000000 0.0000000 0.0000000 0.0000000
1.0191634 1.1385714 -0.3345714 1.0000000 0.0000000 0.0000000 0.0000000
1.0122105 1.1417114 -0.3377114 1.0000000 0.0000000 0.0000000 0.0000000
1.0052576 1.1448514 -0.3408514 1.0000000 0.0000000 0.0000000 0.0000000
0.9983048 1.1479914 -0.3439914 1.0000000 0.0000000 0.0000000 0.0000000
0.9913400 1.1511154 -0.3471542 1.0000000 0.0000000 0.0000000 0.0000000
0.9843464 1.1542003 -0.3503726 1.0000000 0.0000000 0.0000000 0.0000000
0.9773528 1.1572853 -0.3535909 1.0000000 0.0000000 0.0000000 0.0000000
0.9703592 1.1603703 -0.3568093 1.0000000 0.0000000 0.0000000 0.0000000
0.9633657 1.1634552 -0.3600276 1.0000000 0.0000000 0.0000000 0.0000000
0.9563721 1.1665402 -0.3632459 1.0000000 0.0000000 0.0000000 0.0000000
0.9492085 1.1693956 -0.3667912 1.0000000 0.0000000 0.0000000 0.0000000
0.9415768 1.1716184 -0.3712368 1.0000000 0.0000000 0.0000000 0.0000000
0.9339450 1.1738413 -0.3756825 1.0000000 0.0000000 0.0000000 0.0000000
0.9263133 1.1760641 -0.3801282 1.0000000 0.0000000 0.0000000 0.0000000
0.9186816 1.1782869 -0.3845738 1.0000000 0.0000000 0.0000000 0.0000000
0.9110498 1.1805098 -0.3890195 1.0000000 0.0000000 0.0000000 0.0000000
0.9034181 1.1827326 -0.3934652 1.0000000 0.0000000 0.0000000 0.0000000
0.8957864 1.1849554 -0.3979108 1.0000000 0.0000000 0.0000000 0.0000000
0.8881546 1.1871783 -0.4023565 1.0000000 0.0000000 0.0000000 0.0000000
0.8805229 1.1894011 -0.4068022 1.0000000 0.0000000 0.0000000 0.0000000
0.8728912 1.1916239 -0.4112479 1.0000000 0.0000000 0.0000000 0.0000000
0.8652594 1.1938468 -0.4156935 1.0000000 0.0000000 0.0000000 0.0000000
0.8575883 1.1973037 -0.4201786 1.0000000 0.0000000 0.0000000 0.0000000
0.8497743 1.2052377 -0.4248065 1.0000000 0.0000000 0.0000000 0.0000000
0.8419603 1.2131718 -0.4294345 1.0000000 0.0000000 0.0000000 0.0000000
0.8341463 1.2211058 -0.4340624 1.0000000 0.0000000 0.0000000 0.0000000
0.8263323 1.2290398 -0.4386903 1.0000000 0.0000000 0.0000000 0.0000000
0.8185183 1.2369739 -0.4433183 1.0000000 0.0000000 0.0000000 0.0000000
0.8106967 1.2451473 -0.4479539 1.0000000 0.0000000 0.0000000 0.0000000
0.8028427 1.2543350 -0.4526218 1.0000000 0.0000000 0.0000000 0.0000000
0.7949886 1.2635227 -0.4572898 1.0000000 0.0000000 0.0000000 0.0000000
0.7871346 1.2727104 -0.4619577 1.0000000 0.0000000 0.0000000 0.0000000
0.7792806 1.2818982 -0.4666257 1.0000000 0.0000000 0.0000000 0.0000000
0.7714266 1.2910859 -0.4712936 1.0000000 0.0000000 0.0000000 0.0000000
0.7634871 1.2992830 -0.4760043 1.0000000 0.0000000 0.0000000 0.0000000
0.7551173 1.3024972 -0.4809301 1.0000000 0.0000000 0.0000000 0.0000000
0.7467476 1.3057114 -0.4858559 1.0000000 0.0000000 0.0000000 0.0000000
0.7383779 1.3089257 -0.4907817 1.0000000 0.0000000 0.0000000 0.0000000
0.7300082 1.3121399 -0.4957075 1.0000000 0.0000000 0.0000000 0.0000000
0.7216385 1.3153541 -0.5006333 1.0000000 0.0000000 0.0000000 0.0000000
0.7132162 1.3179597 -0.5055854 1.0000000 0.0000000 0.0000000 0.0000000
0.7044731 1.3168483 -0.5106979 1.0000000 0.0000000 0.0000000 0.0000000
0.6957299 1.3157369 -0.5158105 1.0000000 0.0000000 0.0000000 0.0000000
0.6869868 1.3146254 -0.5209230 1.0000000 0.0000000 0.0000000 0.0000000
0.6782436 1.3135140 -0.5260355 1.0000000 0.0000000 0.0000000 0.0000000
0.6695005 1.3124026 -0.5311480 1.0000000 0.0000000 0.0000000 0.0000000
0.6607546 1.3113926 -0.5362530 1.0000000 0.0000000 0.0000000 0.0000000
0.6519878 1.3111584 -0.5413002 1.0000000 0.0000000 0.0000000 0.0000000
0.6432210 1.3109243 -0.5463474 1.0000000 0.0000000 0.0000000 0.0000000
0.6344543 1.3106901 -0.5513946 1.0000000 0.0000000 0.0000000 0.0000000
0.6256875 1.3104560 -0.5564418 1.0000000 0.0000000 0.0000000 0.0000000
0.6169207 1.3102218 -0.5614890 1.0000000 0.0000000 0.0000000 0.0000000
0.6081498 1.3101417 -0.5665247 1.0000000 0.0000000 0.0000000 0.0000000
0.5993371 1.3116105 -0.5714451 1.0000000 0.0000000 0.0000000 0.0000000
0.5905245 1.3130793 -0.5763655 1.0000000 0.0000000 0.0000000 0.0000000
0.5817118 1.3145480 -0.5812859 1.0000000 0.0000000 0.0000000 0.0000000
0.5728992 1.3160168 -0.5862063 1.0000000 0.0000000 0.0000000 0.0000000
0.5640865 1.3174856 -0.5911267 1.0000000 0.0000000 0.0000000 0.0000000
0.5552784 1.3189481 -0.5960381 1.0000000 0.0000000 0.0000000 0.0000000
0.5465347 1.3203217 -0.6008215 1.0000000 0.0000000 0.0000000 0.0000000
0.5377911 1.3216953 -0.6056049 1.0000000 0.0000000 0.0000000 0.0000000
0.5290475 1.3230689 -0.6103883 1.0000000 0.0000000 0.0000000 0.0000000
0.5203038 1.3244425 -0.6151717 1.0000000 0.0000000 0.0000000 0.0000000
0.5115602 1.3258161 -0.6199551 1.0000000 0.0000000 0.0000000 0.0000000
0.5028485 1.3271457 -0.6246752 1.0000000 0.0000000 0.0000000 0.0000000
0.4948986 1.3274246 -0.6278830 1.0000000 0.0000000 0.0000000 0.0000000
0.4869487 1.3277036 -0.6310909 1.0000000 0.0000000 0.0000000 0.0000000
0.4789988 1.3279825 -0.6342987 1.0000000 0.0000000 0.0000000 0.0000000
0.4710489 1.3282614 -0.6375066 1.0000000 0.0000000 0.0000000 0.0000000
0.4630990 1.3285404 -0.6407145 1.0000000 0.0000000 0.0000000 0.0000000
0.4551491 1.3288193 -0.6439223 1.0000000 0.0000000 0.0000000 0.0000000
0.4471992 1.3290983 -0.6471302 1.0000000 0.0000000 0.0000000 0.0000000
0.4392493 1.3293772 -0.6503380 1.0000000 0.0000000 0.0000000 0.0000000
0.4312994 1.3296562 -0.6535459 1.0000000 0.0000000 0.0000000 0.0000000
0.4233495 1.3299351 -0.6567537 1.0000000 0.0000000 0.0000000 0.0000000
0.4153995 1.3302141 -0.6599616 1.0000000 0.0000000 0.0000000 0.0000000
0.4074496 1.3304930 -0.6631694 1.0000000 0.0000000 0.0000000 0.0000000
0.3980532 1.3297571 -0.6668928 1.0000000 0.0000000 0.0000000 0.0000000
0.3886421 1.3290109 -0.6706213 1.0000000 0.0000000 0.0000000 0.0000000
0.3792310 1.3282648 -0.6743499 1.0000000 0.0000000 0.0000000 0.0000000
0.3698199 1.3275186 -0.6780784 1.0000000 0.0000000 0.0000000 0.0000000
0.3604088 1.3267724 -0.6818070 1.0000000 0.0000000 0.0000000 0.0000000
0.3509977 1.3260262 -0.6855355 1.0000000 0.0000000 0.0000000 0.0000000
0.3409824 1.3248562 -0.6894794 1.0000000 0.0000000 0.0000000 0.0000000
0.3309451 1.3236707 -0.6934311 1.0000000 0.0000000 0.0000000 0.0000000
0.3209077 1.3224852 -0.6973828 1.0000000 0.0000000 0.0000000 0.0000000
0.3108704 1.3212997 -0.7013345 1.0000000 0.0000000 0.0000000 0.0000000
0.3008331 1.3201141 -0.7052862 1.0000000 0.0000000 0.0000000 0.0000000
0.2907957 1.3189286 -0.7092379 1.0000000 0.0000000 0.0000000 0.0000000
0.2816134 1.3160721 -0.7122148 1.0000000 0.0000000 0.0000000 0.0000000
0.2724860 1.3131083 -0.7151292 1.0000000 0.0000000 0.0000000 0.0000000
0.2633585 1.3101445 -0.7180436 1.0000000 0.0000000 0.0000000 0.0000000
0.2542311 1.3071807 -0.7209580 1.0000000 0.0000000 0.0000000 0.0000000
0.2451036 1.3042170 -0.7238724 1.0000000 0.0000000 0.0000000 0.0000000
0.2359762 1.3012532 -0.7267867 1.0000000 0.0000000 0.0000000 0.0000000
0.2274035 1.2972052 -0.7290687 1.0000000 0.0000000 0.0000000 0.0000000
0.2188826 1.2930559 -0.7312915 1.0000000 0.0000000 0.0000000 0.0000000
0.2103617 1.2889066 -0.7335143 1.0000000 0.0000000 0.0000000 0.0000000
0.2018409 1.2847573 -0.7357372 1.0000000 0.0000000 0.0000000 0.0000000
0.1933200 1.2806080 -0.7379600 1.0000000 0.0000000 0.0000000 0.0000000
0.1847991 1.2764587 -0.7401828 1.0000000 0.0000000 0.0000000 0.0000000
0.1759904 1.2724171 -0.7422445 1.0000000 0.0000000 0.0000000 0.0000000
0.1671458 1.2683890 -0.7442861 1.0000000 0.0000000 0.0000000 0.0000000
0.1583013 1.2643608 -0.7463278 1.0000000 0.0000000 0.0000000 0.0000000
0.1494567 1.2603326 -0.7483694 1.0000000 0.0000000 0.0000000 0.0000000
0.1406121 1.2563044 -0.7504111 1.0000000 0.0000000 0.0000000 0.0000000
0.1317676 1.2522763 -0.7524527 1.0000000 0.0000000 0.0000000 0.0000000
0.1224256 1.2484342 -0.7542160 1.0000000 0.0000000 0.0000000 0.0000000
0.1130056 1.2446213 -0.7559355 1.0000000 0.0000000 0.0000000 0.0000000
0.1035856 1.2408085 -0.7576550 1.0000000 0.0000000 0.0000000 0.0000000
0.0941656 1.2369956 -0.7593745 1.0000000 0.0000000 0.0000000 0.0000000
0.0847456 1.2331827 -0.7610941 1.0000000 0.0000000 0.0000000 0.0000000
0.0753256 1.2293699 -0.7628136 1.0000000 0.0000000 0.0000000 0.0000000
0.0658371 1.2255523 -0.7644704 1.0000000 0.0000000 0.0000000 0.0000000
0.0563355 1.2217338 -0.7661151 1.0000000 0.0000000 0.0000000 0.0000000
0.0468339 1.2179154 -0.7677599 1.0000000 0.0000000 0.0000000 0.0000000
0.0373323 1.2140969 -0.7694047 1.0000000 0.0000000 0.0000000 0.0000000
0.0278307 1.2102784 -0.7710494 1.0000000 0.0000000 0.0000000 0.0000000
0.0183291 1.2064600 -0.7726942 1.0000000 0.0000000 0.0000000 0.0000000
0.0084196 1.2026135 -0.7739651 1.0000000 0.0000000 0.0000000 0.0000000
-0.0015832 1.1987605 -0.7751506 1.0000000 0.0000000 0.0000000 0.0000000
-0.0115860 1.1949076 -0.7763361 1.0000000 0.0000000 0.0000000 0.0000000
-0.0215887 1.1910547 -0.7775216 1.0000000 0.0000000 0.0000000 0.0000000
-0.0315915 1.1872018 -0.7787071 1.0000000 0.0000000 0.0000000 0.0000000
-0.0415942 1.1833489 -0.7798926 1.0000000 0.0000000 0.0000000 0.0000000
-0.0515970 1.1794960 -0.7810782 1.0000000 0.0000000 0.0000000 0.0000000
-0.0615997 1.1756431 -0.7822637 1.0000000 0.0000000 0.0000000 0.0000000
-0.0716025 1.1717902 -0.7834492 1.0000000 0.0000000 0.0000000 0.0000000
-0.0816052 1.1679372 -0.7846347 1.0000000 0.0000000 0.0000000 0.0000000
-0.0916080 1.1640843 -0.7858202 1.0000000 0.0000000 0.0000000 0.0000000
-0.1016108 1.1602314 -0.7870057 1.0000000 0.0000000 0.0000000 0.0000000
-0.1107476 1.1571425 -0.7868669 1.0000000 0.0000000 0.0000000 0.0000000
-0.1196167 1.1542899 -0.7863186 1.0000000 0.0000000 0.0000000 0.0000000
-0.1284858 1.1514373 -0.7857703 1.0000000 0.0000000 0.0000000 0.0000000
-0.1373549 1.1485846 -0.7852220 1.0000000 0.0000000 0.0000000 0.0000000
-0.1462240 1.1457320 -0.7846737 1.0000000 0.0000000 0.0000000 0.0000000
-0.1550932 1.1428793 -0.7841254 1.0000000 0.0000000 0.0000000 0.0000000
-0.1638692 1.1401088 -0.7834348 1.0000000 0.0000000 0.0000000 0.0000000
-0.1726124 1.1373673 -0.7826939 1.0000000 0.0000000 0.0000000 0.0000000
-0.1813555 1.1346258 -0.7819529 1.0000000 0.0000000 0.0000000 0.0000000
-0.1900987 1.1318843 -0.7812120 1.0000000 0.0000000 0.0000000 0.0000000
-0.1988418 1.1291428 -0.7804710 1.0000000 0.0000000 0.0000000 0.0000000
-0.2075850 1.1264013 -0.7797301 1.0000000 0.0000000 0.0000000 0.0000000
-0.2160842 1.1242592 -0.7787501 1.0000000 0.0000000 0.0000000 0.0000000
-0.2244854 1.1223577 -0.7776742 1.0000000 0.0000000 0.0000000 0.0000000
-0.2328867 1.1204562 -0.7765983 1.0000000 0.0000000 0.0000000 0.0000000
-0.2412880 1.1185547 -0.7755224 1.0000000 0.0000000 0.0000000 0.0000000
-0.2496892 1.1166532 -0.7744465 1.0000000 0.0000000 0.0000000 0.0000000
-0.2580905 1.1147517 -0.7733706 1.0000000 0.0000000 0.0000000 0.0000000
-0.2663705 1.1131481 -0.7721759 1.0000000 0.0000000 0.0000000 0.0000000
-0.2745956 1.1116793 -0.7709274 1.0000000 0.0000000 0.0000000 0.0000000
-0.2828208 1.1102106 -0.7696790 1.0000000 0.0000000 0.0000000 0.0000000
-0.2910459 1.1087418 -0.7684305 1.0000000 0.0000000 0.0000000 0.0000000
-0.2992711 1.1072730 -0.7671821 1.0000000 0.0000000 0.0000000 0.0000000
-0.3074962 1.1058042 -0.7659336 1.0000000 0.0000000 0.0000000 0.0000000
-0.3162566 1.1039317 -0.7649371 1.0000000 0.0000000 0.0000000 0.0000000
-0.3252886 1.1018543 -0.7640684 1.0000000 0.0000000 0.0000000 0.0000000
-0.3343207 1.0997768 -0.7631997 1.0000000 0.0000000 0.0000000 0.0000000
-0.3433527 1.0976994 -0.7623310 1.0000000 0.0000000 0.0000000 0.0000000
-0.3523848 1.0956219 -0.7614623 1.0000000 0.0000000 0.0000000 0.0000000
-0.3614168 1.0935444 -0.7605936 1.0000000 0.0000000 0.0000000 0.0000000
-0.3712213 1.0908843 -0.7600884 1.0000000 0.0000000 0.0000000 0.0000000
-0.3814637 1.0878938 -0.7597894 1.0000000 0.0000000 0.0000000 0.0000000
-0.3917061 1.0849033 -0.7594903 1.0000000 0.0000000 0.0000000 0.0000000
-0.4019485 1.0819129 -0.7591913 1.0000000 0.0000000 0.0000000 0.0000000
-0.4121909 1.0789224 -0.7588922 1.0000000 0.0000000 0.0000000 0.0000000
-0.4224333 1.0759319 -0.7585932 1.0000000 0.0000000 0.0000000 0.0000000
-0.4329555 1.0728986 -0.7581570 1.0000000 0.0000000 0.0000000 0.0000000
-0.4436544 1.0698384 -0.7576341 1.0000000 0.0000000 0.0000000 0.0000000
-0.4543532 1.0667781 -0.7571113 1.0000000 0.0000000 0.0000000 0.0000000
-0.4650521 1.0637178 -0.7565885 1.0000000 0.0000000 0.0000000 0.0000000
-0.4757510 1.0606576 -0.7560657 1.0000000 0.0000000 0.0000000 0.0000000
-0.4864498 1.0575973 -0.7555429 1.0000000 0.0000000 0.0000000 0.0000000
-0.4983713 1.0543501 -0.7544207 1.0000000 0.0000000 0.0000000 0.0000000
-0.5111497 1.0509719 -0.7528785 1.0000000 0.0000000 0.0000000 0.0000000
-0.5239280 1.0475937 -0.7513363 1.0000000 0.0000000 0.0000000 0.0000000
-0.5367063 1.0442156 -0.7497941 1.0000000 0.0000000 0.0000000 0.0000000
-0.5494847 1.0408374 -0.7482518 1.0000000 0.0000000 0.0000000 0.0000000
-0.5622630 1.0374592 -0.7467096 1.0000000 0.0000000 0.0000000 0.0000000
-0.5750414 1.0340810 -0.7451674 1.0000000 0.0000000 0.0000000 0.0000000
-0.5878197 1.0307028 -0.7436252 1.0000000 0.0000000 0.0000000 0.0000000
-0.6005981 1.0273246 -0.7420830 1.0000000 0.0000000 0.0000000 0.0000000
-0.6133764 1.0239465 -0.7405408 1.0000000 0.0000000 0.0000000 0.0000000
-0.6261548 1.0205683 -0.7389986 1.0000000 0.0000000 0.0000000 0.0000000
-0.6389331 1.0171901 -0.7374563 1.0000000 0.0000000 0.0000000 0.0000000
-0.6541923 1.0193292 -0.7367510 1.0000000 0.0000000 0.0000000 0.0000000
-0.6715844 1.0262122 -0.7367652 1.0000000 0.0000000 0.0000000 0.0000000
-0.6889766 1.0330952 -0.7367794 1.0000000 0.0000000 0.0000000 0.0000000
-0.7063687 1.0399781 -0.7367935 1.0000000 0.0000000 0.0000000 0.0000000
-0.7237609 1.0468611 -0.7368077 1.0000000 0.0000000 0.0000000 0.0000000
-0.7411530 1.0537441 -0.7368219 1.0000000 0.0000000 0.0000000 0.0000000
-0.7587508 1.0610844 -0.7369055 1.0000000 0.0000000 0.0000000 0.0000000
-0.7765442 1.0688597 -0.7370550 1.0000000 0.0000000 0.0000000 0.0000000
-0.7943376 1.0766349 -0.7372045 1.0000000 0.0000000 0.0000000 0.0000000
-0.8121309 1.0844101 -0.7373540 1.0000000 0.0000000 0.0000000 0.0000000
-0.8299243 1.0921854 -0.7375036 1.0000000 0.0000000 0.0000000 0.0000000
-0.8477176 1.0999606 -0.7376531 1.0000000 0.0000000 0.0000000 0.0000000
-0.8654035 1.1062857 -0.7373006 1.0000000 0.0000000 0.0000000 0.0000000
-0.8829764 1.1110858 -0.7364201 1.0000000 0.0000000 0.0000000 0.0000000
-0.9005493 1.1158859 -0.7355396 1.0000000 0.0000000 0.0000000 0.0000000
-0.9181222 1.1206861 -0.7346591 1.0000000 0.0000000 0.0000000 0.0000000
-0.9356952 1.1254862 -0.7337787 1.0000000 0.0000000 0.0000000 0.0000000
-0.9532681 1.1302863 -0.7328982 1.0000000 0.0000000 0.0000000 0.0000000
-0.9707973 1.1344969 -0.7318137 1.0000000 0.0000000 0.0000000 0.0000000
-0.9882757 1.1380220 -0.7304918 1.0000000 0.0000000 0.0000000 0.0000000
-1.0057542 1.1415471 -0.7291699 1.0000000 0.0000000 0.0000000 0.0000000
-1.0232326 1.1450721 -0.7278480 1.0000000 0.0000000 0.0000000 0.0000000
-1.0407110 1.1485972 -0.7265261 1.0000000 0.0000000 0.0000000 0.0000000
-1.0581894 1.1521222 -0.7252042 1.0000000 0.0000000 0.0000000 0.0000000
-1.0749662 1.1556020 -0.7238921 1.0000000 0.0000000 0.0000000 0.0000000
-1.0908398 1.1590234 -0.7225926 1.0000000 0.0000000 0.0000000 0.0000000
-1.1067133 1.1624448 -0.7212931 1.0000000 0.0000000 0.0000000 0.0000000
-1.1225869 1.1658663 -0.7199936 1.0000000 0.0000000 0.0000000 0.0000000
-1.1384604 1.1692877 -0.7186941 1.0000000 0.0000000 0.0000000 0.0000000
-1.1543340 1.1727091 -0.7173946 1.0000000 0.0000000 0.0000000 0.0000000
-1.1693659 1.1760762 -0.7161069 1.0000000 0.0000000 0.0000000 0.0000000
-1.1831968 1.1793657 -0.7148360 1.0000000 0.0000000 0.0000000 0.0000000
-1.1970278 1.1826553 -0.7135650 1.0000000 0.0000000 0.0000000 0.0000000
-1.2108588 1.1859448 -0.7122941 1.0000000 0.0000000 0.0000000 0.0000000
-1.2246897 1.1892343 -0.7110231 1.0000000 0.0000000 0.0000000 0.0000000
-1.2385207 1.1925238 -0.7097522 1.0000000 0.0000000 0.0000000 0.0000000
-1.2518303 1.1958676 -0.7084885 1.0000000 0.0000000 0.0000000 0.0000000
-1.2643137 1.1992974 -0.7072363 1.0000000 0.0000000 0.0000000 0.0000000
-1.2767972 1.2027272 -0.7059842 1.0000000 0.0000000 0.0000000 0.0000000
-1.2892806 1.2061570 -0.7047320 1.0000000 0.0000000 0.0000000 0.0000000
-1.3017640 1.2095867 -0.7034798 1.0000000 0.0000000 0.0000000 0.0000000
-1.3142475 1.2130165 -0.7022277 1.0000000 0.0000000 0.0000000 0.0000000
-1.3250023 1.2166262 -0.7009996 1.0000000 0.0000000 0.0000000 0.0000000
-1.3327081 1.2205532 -0.6998141 1.0000000 0.0000000 0.0000000 0.0000000
-1.3404140 1.2244802 -0.6986286 1.0000000 0.0000000 0.0000000 0.0000000
-1.3481198 1.2284072 -0.6974431 1.0000000 0.0000000 0.0000000 0.0000000
-1.3558256 1.2323342 -0.6962576 1.0000000 0.0000000 0.0000000 0.0000000
-1.3635315 1.2362612 -0.6950721 1.0000000 0.0000000 0.0000000 0.0000000
-1.3712373 1.2401882 -0.6938866 1.0000000 0.0000000 0.0000000 0.0000000
-1.3789431 1.2441152 -0.6927011 1.0000000 0.0000000 0.0000000 0.0000000
-1.3866489 1.2480422 -0.6915155 1.0000000 0.0000000 0.0000000 0.0000000
-1.3943548 1.2519693 -0.6903300 1.0000000 0.0000000 0.0000000 0.0000000
-1.4020606 1.2558963 -0.6891445 1.0000000 0.0000000 0.0000000 0.0000000
-1.4097664 1.2598233 -0.6879590 1.0000000 0.0000000 0.0000000 0.0000000
-1.4156800 1.2623719 -0.6870682 1.0000000 0.0000000 0.0000000 0.0000000
-1.4176334 1.2618747 -0.6868286 1.0000000 0.0000000 0.0000000 0.0000000
-1.4195867 1.2613774 -0.6865890 1.0000000 0.0000000 0.0000000 0.0000000
-1.4215401 1.2608802 -0.6863493 1.0000000 0.0000000 0.0000000 0.0000000
-1.4234935 1.2603830 -0.6861097 1.0000000 0.0000000 0.0000000 0.0000000
-1.4254468 1.2598858 -0.6858701 1.0000000 0.0000000 0.0000000 0.0000000
-1.4273666 1.2593627 -0.6856360 1.0000000 0.0000000 0.0000000 0.0000000
-1.4292026 1.2587752 -0.6854157 1.0000000 0.0000000 0.0000000 0.0000000
-1.4310385 1.2581877 -0.6851954 1.0000000 0.0000000 0.0000000 0.0000000
-1.4328745 1.2576002 -0.6849751 1.0000000 0.0000000 0.0000000 0.0000000
-1.4347105 1.2570127 -0.6847547 1.0000000 0.0000000 0.0000000 0.0000000
-1.4365464 1.2564251 -0.6845344 1.0000000 0.0000000 0.0000000 0.0000000
-1.4382600 1.2554324 -0.6844531 1.0000000 0.0000000 0.0000000 0.0000000
-1.4396277 1.2532940 -0.6847649 1.0000000 0.0000000 0.0000000 0.0000000
-1.4409953 1.2511556 -0.6850766 1.0000000 0.0000000 0.0000000 0.0000000
-1.4423629 1.2490172 -0.6853884 1.0000000 0.0000000 0.0000000 0.0000000
-1.4437306 1.2468789 -0.6857001 1.0000000 0.0000000 0.0000000 0.0000000
-1.4450982 1.2447405 -0.6860119 1.0000000 0.0000000 0.0000000 0.0000000
-1.4464229 1.2424597 -0.6863725 1.0000000 0.0000000 0.0000000 0.0000000
-1.4476084 1.2397182 -0.6868912 1.0000000 0.0000000 0.0000000 0.0000000
-1.4487939 1.2369767 -0.6874098 1.0000000 0.0000000 0.0000000 0.0000000
-1.4499794 1.2342352 -0.6879285 1.0000000 0.0000000 0.0000000 0.0000000
-1.4511649 1.2314937 -0.6884471 1.0000000 0.0000000 0.0000000 0.0000000
-1.4523504 1.2287522 -0.6889658 1.0000000 0.0000000 0.0000000 0.0000000
-1.4533032 1.2259882 -0.6892217 1.0000000 0.0000000 0.0000000 0.0000000
-1.4533862 1.2231400 -0.6884956 1.0000000 0.0000000 0.0000000 0.0000000
-1.4534692 1.2202918 -0.6877695 1.0000000 0.0000000 0.0000000 0.0000000
-1.4535522 1.2174436 -0.6870434 1.0000000 0.0000000 0.0000000 0.0000000
-1.4536352 1.2145954 -0.6863172 1.0000000 0.0000000 0.0000000 0.0000000
-1.4537182 1.2117472 -0.6855911 1.0000000 0.0000000 0.0000000 0.0000000
-1.4535791 1.2088775 -0.6846143 1.0000000 0.0000000 0.0000000 0.0000000
-1.4524677 1.2059137 -0.6825396 1.0000000 0.0000000 0.0000000 0.0000000
-1.4513562 1.2029500 -0.6804650 1.0000000 0.0000000 0.0000000 0.0000000
-1.4502448 1.1999862 -0.6783903 1.0000000 0.0000000 0.0000000 0.0000000
-1.4491334 1.1970224 -0.6763157 1.0000000 0.0000000 0.0000000 0.0000000
-1.4480220 1.1940586 -0.6742410 1.0000000 0.0000000 0.0000000 0.0000000
-1.4469765 1.1910996 -0.6722205 1.0000000 0.0000000 0.0000000 0.0000000
-1.4462754 1.1881653 -0.6704823 1.0000000 0.0000000 0.0000000 0.0000000
-1.4455743 1.1852310 -0.6687441 1.0000000 0.0000000 0.0000000 0.0000000
-1.4448731 1.1822967 -0.6670058 1.0000000 0.0000000 0.0000000 0.0000000
-1.4441720 1.1793624 -0.6652676 1.0000000 0.0000000 0.0000000 0.0000000
-1.4434709 1.1764281 -0.6635294 1.0000000 0.0000000 0.0000000 0.0000000
-1.4429460 1.1735064 -0.6619357 1.0000000 0.0000000 0.0000000 0.0000000
-1.4435441 1.1706655 -0.6612629 1.0000000 0.0000000 0.0000000 0.0000000
-1.4441422 1.1678245 -0.6605900 1.0000000 0.0000000 0.0000000 0.0000000
-1.4447403 1.1649836 -0.6599172 1.0000000 0.0000000 0.0000000 0.0000000
-1.4453384 1.1621426 -0.6592443 1.0000000 0.0000000 0.0000000 0.0000000
-1.4459365 1.1593017 -0.6585714 1.0000000 0.0000000 0.0000000 0.0000000
-1.4465310 1.1564606 -0.6578997 1.0000000 0.0000000 0.0000000 0.0000000
-1.4470964 1.1536187 -0.6572374 1.0000000 0.0000000 0.0000000 0.0000000
-1.4476617 1.1507767 -0.6565750 1.0000000 0.0000000 0.0000000 0.0000000
-1.4482271 1.1479348 -0.6559127 1.0000000 0.0000000 0.0000000 0.0000000
-1.4487925 1.1450929 -0.6552503 1.0000000 0.0000000 0.0000000 0.0000000
-1.4493579 1.1422509 -0.6545879 1.0000000 0.0000000 0.0000000 0.0000000
-1.4497864 1.1394049 -0.6539695 1.0000000 0.0000000 0.0000000 0.0000000
-1.4487491 1.1365152 -0.6538213 1.0000000 0.0000000 0.0000000 0.0000000
-1.4477117 1.1336256 -0.6536731 1.0000000 0.0000000 0.0000000 0.0000000
-1.4466744 1.1307359 -0.6535249 1.0000000 0.0000000 0.0000000 0.0000000
-1.4456371 1.1278462 -0.6533767 1.0000000 0.0000000 0.0000000 0.0000000
-1.4445998 1.1249565 -0.6532285 1.0000000 0.0000000 0.0000000 0.0000000
-1.4435624 1.1220668 -0.6530803 1.0000000 0.0000000 0.0000000 0.0000000
-1.4425251 1.1191771 -0.6529322 1.0000000 0.0000000 0.0000000 0.0000000
-1.4414878 1.1162874 -0.6527840 1.0000000 0.0000000 0.0000000 0.0000000
-1.4404505 1.1133978 -0.6526358 1.0000000 0.0000000 0.0000000 0.0000000
-1.4394132 1.1105081 -0.6524876 1.0000000 0.0000000 0.0000000 0.0000000
-1.4383758 1.1076184 -0.6523394 1.0000000 0.0000000 0.0000000 0.0000000
-1.4373347 1.1047294 -0.6522517 1.0000000 0.0000000 0.0000000 0.0000000
-1.4361900 1.1018597 -0.6538230 1.0000000 0.0000000 0.0000000 0.0000000
-1.4350453 1.0989899 -0.6553943 1.0000000 0.0000000 0.0000000 0.0000000
-1.4339006 1.0961202 -0.6569656 1.0000000 0.0000000 0.0000000 0.0000000
-1.4327558 1.0932505 -0.6585369 1.0000000 0.0000000 0.0000000 0.0000000
-1.4316111 1.0903807 -0.6601082 1.0000000 0.0000000 0.0000000 0.0000000
-1.4304661 1.0875110 -0.6616844 1.0000000 0.0000000 0.0000000 0.0000000
-1.4292910 1.0846469 -0.6637407 1.0000000 0.0000000 0.0000000 0.0000000
-1.4281160 1.0817828 -0.6657970 1.0000000 0.0000000 0.0000000 0.0000000
-1.4269410 1.0789187 -0.6678532 1.0000000 0.0000000 0.0000000 0.0000000
-1.4257660 1.0760546 -0.6699095 1.0000000 0.0000000 0.0000000 0.0000000
-1.4245910 1.0731905 -0.6719658 1.0000000 0.0000000 0.0000000 0.0000000
-1.4234159 1.0703264 -0.6740221 1.0000000 0.0000000 0.0000000 0.0000000
-1.4224981 1.0693503 -0.6743360 1.0000000 0.0000000 0.0000000 0.0000000
-1.4215842 1.0684032 -0.6746233 1.0000000 0.0000000 0.0000000 0.0000000
-1.4206703 1.0674561 -0.6749105 1.0000000 0.0000000 0.0000000 0.0000000
-1.4197564 1.0665089 -0.6751977 1.0000000 0.0000000 0.0000000 0.0000000
-1.4188425 1.0655618 -0.6754850 1.0000000 0.0000000 0.0000000 0.0000000
-1.4179286 1.0646147 -0.6757722 1.0000000 0.0000000 0.0000000 0.0000000
-1.4172461 1.0653659 -0.6744922 1.0000000 0.0000000 0.0000000 0.0000000
-1.4165732 1.0661883 -0.6731465 1.0000000 0.0000000 0.0000000 0.0000000
-1.4159004 1.0670107 -0.6718007 1.0000000 0.0000000 0.0000000 0.0000000
-1.4152275 1.0678330 -0.6704550 1.0000000 0.0000000 0.0000000 0.0000000
-1.4145547 1.0686554 -0.6691093 1.0000000 0.0000000 0.0000000 0.0000000
-1.4138818 1.0694778 -0.6677636 1.0000000 0.0000000 0.0000000 0.0000000
-1.4138300 1.0704608 -0.6664245 1.0000000 0.0000000 0.0000000 0.0000000
-1.4138217 1.0714551 -0.6650860 1.0000000 0.0000000 0.0000000 0.0000000
-1.4138134 1.0724494 -0.6637474 1.0000000 0.0000000 0.0000000 0.0000000
-1.4138050 1.0734437 -0.6624088 1.0000000 0.0000000 0.0000000 0.0000000
-1.4137967 1.0744379 -0.6610703 1.0000000 0.0000000 0.0000000 0.0000000
-1.4137884 1.0754322 -0.6597317 1.0000000 0.0000000 0.0000000 0.0000000
-1.4151903 1.0767912 -0.6584083 1.0000000 0.0000000 0.0000000 0.0000000
-1.4167325 1.0781866 -0.6570864 1.0000000 0.0000000 0.0000000 0.0000000
-1.4182748 1.0795819 -0.6557645 1.0000000 0.0000000 0.0000000 0.0000000
-1.4198170 1.0809773 -0.6544426 1.0000000 0.0000000 0.0000000 0.0000000
-1.4213592 1.0823726 -0.6531207 1.0000000 0.0000000 0.0000000 0.0000000
-1.4229014 1.0837679 -0.6517988 1.0000000 0.0000000 0.0000000 0.0000000
-1.4242973 1.0851558 -0.6505525 1.0000000 0.0000000 0.0000000 0.0000000
-1.4256741 1.0865428 -0.6493161 1.0000000 0.0000000 0.0000000 0.0000000
-1.4270509 1.0879297 -0.6480797 1.0000000 0.0000000 0.0000000 0.0000000
-1.4284277 1.0893167 -0.6468432 1.0000000 0.0000000 0.0000000 0.0000000
-1.4298045 1.0907036 -0.6456068 1.0000000 0.0000000 0.0000000 0.0000000
-1.4311813 1.0920906 -0.6443704 1.0000000 0.0000000 0.0000000 0.0000000
-1.4291466 1.0933044 -0.6448968 1.0000000 0.0000000 0.0000000 0.0000000
-1.4265533 1.0944899 -0.6457118 1.0000000 0.0000000 0.0000000 0.0000000
-1.4239600 1.0956754 -0.6465269 1.0000000 0.0000000 0.0000000 0.0000000
-1.4213667 1.0968610 -0.6473419 1.0000000 0.0000000 0.0000000 0.0000000
-1.4187734 1.0980465 -0.6481569 1.0000000 0.0000000 0.0000000 0.0000000
-1.4161800 1.0992320 -0.6489720 1.0000000 0.0000000 0.0000000 0.0000000
-1.4135867 1.1004175 -0.6497870 1.0000000 0.0000000 0.0000000 0.0000000
-1.4109934 1.1016030 -0.6506021 1.0000000 0.0000000 0.0000000 0.0000000
-1.4084001 1.1027885 -0.6514171 1.0000000 0.0000000 0.0000000 0.0000000
-1.4058068 1.1039740 -0.6522321 1.0000000 0.0000000 0.0000000 0.0000000
-1.4032135 1.1051595 -0.6530472 1.0000000 0.0000000 0.0000000 0.0000000
-1.4006202 1.1063450 -0.6538622 1.0000000 0.0000000 0.0000000 0.0000000
-1.3993697 1.1070990 -0.6556364 1.0000000 0.0000000 0.0000000 0.0000000
-1.3984361 1.1077510 -0.6576369 1.0000000 0.0000000 0.0000000 0.0000000
-1.3975025 1.1084030 -0.6596375 1.0000000 0.0000000 0.0000000 0.0000000
-1.3965689 1.1090550 -0.6616380 1.0000000 0.0000000 0.0000000 0.0000000
-1.3956353 1.1097071 -0.6636386 1.0000000 0.0000000 0.0000000 0.0000000
-1.3947017 1.1103591 -0.6656391 1.0000000 0.0000000 0.0000000 0.0000000
-1.3940934 1.1109066 -0.6678720 1.0000000 0.0000000 0.0000000 0.0000000
-1.3935747 1.1114253 -0.6701690 1.0000000 0.0000000 0.0000000 0.0000000
-1.3930561 1.1119439 -0.6724659 1.0000000 0.0000000 0.0000000 0.0000000
-1.3925374 1.1124626 -0.6747628 1.0000000 0.0000000 0.0000000 0.0000000
-1.3920188 1.1129812 -0.6770598 1.0000000 0.0000000 0.0000000 0.0000000
-1.3915001 1.1134999 -0.6793567 1.0000000 0.0000000 0.0000000 0.0000000
-1.3913278 1.1136407 -0.6807406 1.0000000 0.0000000 0.0000000 0.0000000
-1.3912655 1.1136615 -0.6818342 1.0000000 0.0000000 0.0000000 0.0000000
-1.3912033 1.1136822 -0.6829278 1.0000000 0.0000000 0.0000000 0.0000000
-1.3911411 1.1137030 -0.6840215 1.0000000 0.0000000 0.0000000 0.0000000
-1.3910788 1.1137237 -0.6851151 1.0000000 0.0000000 0.0000000 0.0000000
-1.3910166 1.1137445 -0.6862087 1.0000000 0.0000000 0.0000000 0.0000000
-1.3912174 1.1134782 -0.6866087 1.0000000 0.0000000 0.0000000 0.0000000
-1.3915138 1.1131077 -0.6867569 1.0000000 0.0000000 0.0000000 0.0000000
-1.3918102 1.1127373 -0.6869051 1.0000000 0.0000000 0.0000000 0.0000000
-1.3921066 1.1123668 -0.6870533 1.0000000 0.0000000 0.0000000 0.0000000
-1.3924030 1.1119963 -0.6872015 1.0000000 0.0000000 0.0000000 0.0000000
-1.3926993 1.1116258 -0.6873497 1.0000000 0.0000000 0.0000000 0.0000000
-1.3929621 1.1112890 -0.6873467 1.0000000 0.0000000 0.0000000 0.0000000
-1.3932111 1.1109659 -0.6872815 1.0000000 0.0000000 0.0000000 0.0000000
-1.3934600 1.1106429 -0.6872163 1.0000000 0.0000000 0.0000000 0.0000000
-1.3937090 1.1103198 -0.6871510 1.0000000 0.0000000 0.0000000 0.0000000
-1.3939579 1.1099968 -0.6870858 1.0000000 0.0000000 0.0000000 0.0000000
-1.3942069 1.1096737 -0.6870206 1.0000000 0.0000000 0.0000000 0.0000000
-1.3943870 1.1094195 -0.6866455 1.0000000 0.0000000 0.0000000 0.0000000
-1.3945352 1.1091972 -0.6861269 1.0000000 0.0000000 0.0000000 0.0000000
-1.3946834 1.1089749 -0.6856082 1.0000000 0.0000000 0.0000000 0.0000000
-1.3948316 1.1087527 -0.6850896 1.0000000 0.0000000 0.0000000 0.0000000
-1.3949797 1.1085304 -0.6845709 1.0000000 0.0000000 0.0000000 0.0000000
-1.3951279 1.1083081 -0.6840522 1.0000000 0.0000000 0.0000000 0.0000000
-1.3952761 1.1080078 -0.6835180 1.0000000 0.0000000 0.0000000 0.0000000
-1.3954243 1.1076669 -0.6829756 1.0000000 0.0000000 0.0000000 0.0000000
-1.3955725 1.1073261 -0.6824332 1.0000000 0.0000000 0.0000000 0.0000000
-1.3957207 1.1069853 -0.6818908 1.0000000 0.0000000 0.0000000 0.0000000
-1.3958689 1.1066444 -0.6813485 1.0000000 0.0000000 0.0000000 0.0000000
-1.3960171 1.1063036 -0.6808061 1.0000000 0.0000000 0.0000000 0.0000000
-1.3961653 1.1050995 -0.6800911 1.0000000 0.0000000 0.0000000 0.0000000
-1.3963134 1.1033954 -0.6792760 1.0000000 0.0000000 0.0000000 0.0000000
-1.3964616 1.1016912 -0.6784610 1.0000000 0.0000000 0.0000000 0.0000000
-1.3966098 1.0999870 -0.6776460 1.0000000 0.0000000 0.0000000 0.0000000
-1.3967580 1.0982829 -0.6768309 1.0000000 0.0000000 0.0000000 0.0000000
-1.3969062 1.0965787 -0.6760159 1.0000000 0.0000000 0.0000000 0.0000000
-1.3970544 1.0948745 -0.6752009 1.0000000 0.0000000 0.0000000 0.0000000
-1.3972026 1.0931703 -0.6743858 1.0000000 0.0000000 0.0000000 0.0000000
-1.3973508 1.0914662 -0.6735708 1.0000000 0.0000000 0.0000000 0.0000000
-1.3974990 1.0897620 -0.6727557 1.0000000 0.0000000 0.0000000 0.0000000
-1.3976471 1.0880578 -0.6719407 1.0000000 0.0000000 0.0000000 0.0000000
-1.3977953 1.0863536 -0.6711257 1.0000000 0.0000000 0.0000000 0.0000000
-1.3983835 1.0860696 -0.6701240 1.0000000 0.0000000 0.0000000 0.0000000
-1.3992864 1.0868018 -0.6689888 1.0000000 0.0000000 0.0000000 0.0000000
-1.4001893 1.0875339 -0.6678536 1.0000000 0.0000000 0.0000000 0.0000000
-1.4010922 1.0882660 -0.6667184 1.0000000 0.0000000 0.0000000 0.0000000
-1.4019951 1.0889982 -0.6655832 1.0000000 0.0000000 0.0000000 0.0000000
-1.4028980 1.0897303 -0.6644479 1.0000000 0.0000000 0.0000000 0.0000000
-1.4038811 1.0907213 -0.6632787 1.0000000 0.0000000 0.0000000 0.0000000
-1.4049278 1.0919175 -0.6620825 1.0000000 0.0000000 0.0000000 0.0000000
-1.4059745 1.0931137 -0.6608863 1.0000000 0.0000000 0.0000000 0.0000000
-1.4070211 1.0943099 -0.6596901 1.0000000 0.0000000 0.0000000 0.0000000
-1.4080678 1.0955060 -0.6584940 1.0000000 0.0000000 0.0000000 0.0000000
-1.4091145 1.0967022 -0.6572978 1.0000000 0.0000000 0.0000000 0.0000000
-1.4103049 1.0976747 -0.6554934 1.0000000 0.0000000 0.0000000 0.0000000
-1.4116214 1.0984508 -0.6531553 1.0000000 0.0000000 0.0000000 0.0000000
-1.4129379 1.0992269 -0.6508173 1.0000000 0.0000000 0.0000000 0.0000000
-1.4142544 1.1000030 -0.6484792 1.0000000 0.0000000 0.0000000 0.0000000
-1.4155709 1.1007792 -0.6461412 1.0000000 0.0000000 0.0000000 0.0000000
-1.4168874 1.1015553 -0.6438032 1.0000000 0.0000000 0.0000000 0.0000000
-1.4182878 1.1022007 -0.6411100 1.0000000 0.0000000 0.0000000 0.0000000
-1.4197697 1.1027194 -0.6380721 1.0000000 0.0000000 0.0000000 0.0000000
-1.4212516 1.1032381 -0.6350342 1.0000000 0.0000000 0.0000000 0.0000000
-1.4227335 1.1037567 -0.6319963 1.0000000 0.0000000 0.0000000 0.0000000
-1.4242154 1.1042754 -0.6289585 1.0000000 0.0000000 0.0000000 0.0000000
-1.4256973 1.1047940 -0.6259206 1.0000000 0.0000000 0.0000000 0.0000000
-1.4272199 1.1054214 -0.6228012 1.0000000 0.0000000 0.0000000 0.0000000
-1.4287863 1.1061653 -0.6195944 1.0000000 0.0000000 0.0000000 0.0000000
-1.4303526 1.1069092 -0.6163876 1.0000000 0.0000000 0.0000000 0.0000000
-1.4319190 1.1076531 -0.6131808 1.0000000 0.0000000 0.0000000 0.0000000
-1.4334853 1.1083970 -0.6099740 1.0000000 0.0000000 0.0000000 0.0000000
-1.4350517 1.1091409 -0.6067672 1.0000000 0.0000000 0.0000000 0.0000000
-1.4366811 1.1100529 -0.6034343 1.0000000 0.0000000 0.0000000 0.0000000
-1.4383853 1.1111643 -0.5999519 1.0000000 0.0000000 0.0000000 0.0000000
-1.4400894 1.1122757 -0.5964694 1.0000000 0.0000000 0.0000000 0.0000000
-1.4417936 1.1133871 -0.5929870 1.0000000 0.0000000 0.0000000 0.0000000
-1.4434978 1.1144985 -0.5895045 1.0000000 0.0000000 0.0000000 0.0000000
-1.4452019 1.1156100 -0.5860221 1.0000000 0.0000000 0.0000000 0.0000000
-1.4469097 1.1167386 -0.5825549 1.0000000 0.0000000 0.0000000 0.0000000
-1.4486220 1.1178897 -0.5791076 1.0000000 0.0000000 0.0000000 0.0000000
-1.4503343 1.1190409 -0.5756603 1.0000000 0.0000000 0.0000000 0.0000000
-1.4520467 1.1201921 -0.5722130 1.0000000 0.0000000 0.0000000 0.0000000
-1.4537590 1.1213432 -0.5687657 1.0000000 0.0000000 0.0000000 0.0000000
-1.4554714 1.1224944 -0.5653185 1.0000000 0.0000000 0.0000000 0.0000000
-1.4572041 1.1237449 -0.5619591 1.0000000 0.0000000 0.0000000 0.0000000
-1.4589667 1.1251403 -0.5587278 1.0000000 0.0000000 0.0000000 0.0000000
-1.4607292 1.1265356 -0.5554965 1.0000000 0.0000000 0.0000000 0.0000000
-1.4624917 1.1279310 -0.5522652 1.0000000 0.0000000 0.0000000 0.0000000
-1.4642543 1.1293263 -0.5490339 1.0000000 0.0000000 0.0000000 0.0000000
-1.4660168 1.1307216 -0.5458025 1.0000000 0.0000000 0.0000000 0.0000000
-1.4677793 1.1321170 -0.5425712 1.0000000 0.0000000 0.0000000 0.0000000
-1.4695419 1.1335123 -0.5393399 1.0000000 0.0000000 0.0000000 0.0000000
-1.4713044 1.1349076 -0.5361086 1.0000000 0.0000000 0.0000000 0.0000000
-1.4730669 1.1363030 -0.5328773 1.0000000 0.0000000 0.0000000 0.0000000
-1.4748294 1.1376983 -0.5296460 1.0000000 0.0000000 0.0000000 0.0000000
-1.4765920 1.1390936 -0.5264147 1.0000000 0.0000000 0.0000000 0.0000000
-1.4786619 1.1397950 -0.5232674 1.0000000 0.0000000 0.0000000 0.0000000
-1.4812859 1.1392452 -0.5202715 1.0000000 0.0000000 0.0000000 0.0000000
-1.4839099 1.1386954 -0.5172756 1.0000000 0.0000000 0.0000000 0.0000000
-1.4865339 1.1381456 -0.5142798 1.0000000 0.0000000 0.0000000 0.0000000
-1.4891580 1.1375958 -0.5112839 1.0000000 0.0000000 0.0000000 0.0000000
-1.4917820 1.1370460 -0.5082880 1.0000000 0.0000000 0.0000000 0.0000000
-1.4944450 1.1364083 -0.5053028 1.0000000 0.0000000 0.0000000 0.0000000
-1.4971865 1.1355932 -0.5023390 1.0000000 0.0000000 0.0000000 0.0000000
-1.4999279 1.1347782 -0.4993752 1.0000000 0.0000000 0.0000000 0.0000000
-1.5026694 1.1339631 -0.4964114 1.0000000 0.0000000 0.0000000 0.0000000
-1.5054109 1.1331481 -0.4934476 1.0000000 0.0000000 0.0000000 0.0000000
-1.5081524 1.1323331 -0.4904839 1.0000000 0.0000000 0.0000000 0.0000000
-1.5103414 1.1319126 -0.4878962 1.0000000 0.0000000 0.0000000 0.0000000
-1.5112805 1.1323847 -0.4861593 1.0000000 0.0000000 0.0000000 0.0000000
-1.5122196 1.1328569 -0.4844225 1.0000000 0.0000000 0.0000000 0.0000000
-1.5131587 1.1333290 -0.4826857 1.0000000 0.0000000 0.0000000 0.0000000
-1.5140978 1.1338012 -0.4809489 1.0000000 0.0000000 0.0000000 0.0000000
-1.5150369 1.1342733 -0.4792120 1.0000000 0.0000000 0.0000000 0.0000000
-1.5156907 1.1349492 -0.4776694 1.0000000 0.0000000 0.0000000 0.0000000
-1.5156159 1.1361454 -0.4766228 1.0000000 0.0000000 0.0000000 0.0000000
-1.5155411 1.1373416 -0.4755761 1.0000000 0.0000000 0.0000000 0.0000000
-1.5154664 1.1385378 -0.4745294 1.0000000 0.0000000 0.0000000 0.0000000
-1.5153916 1.1397340 -0.4734828 1.0000000 0.0000000 0.0000000 0.0000000
-1.5153169 1.1409302 -0.4724361 1.0000000 0.0000000 0.0000000 0.0000000
-1.5149471 1.1418620 -0.4717094 1.0000000 0.0000000 0.0000000 0.0000000
-1.5137212 1.1420268 -0.4719115 1.0000000 0.0000000 0.0000000 0.0000000
-1.5124953 1.1421916 -0.4721135 1.0000000 0.0000000 0.0000000 0.0000000
-1.5112694 1.1423563 -0.4723156 1.0000000 0.0000000 0.0000000 0.0000000
-1.5100434 1.1425211 -0.4725176 1.0000000 0.0000000 0.0000000 0.0000000
-1.5088175 1.1426858 -0.4727197 1.0000000 0.0000000 0.0000000 0.0000000
-1.5072242 1.1425213 -0.4733203 1.0000000 0.0000000 0.0000000 0.0000000
-1.5044086 1.1412617 -0.4752468 1.0000000 0.0000000 0.0000000 0.0000000
-1.5015930 1.1400021 -0.4771732 1.0000000 0.0000000 0.0000000 0.0000000
-1.4987774 1.1387425 -0.4790997 1.0000000 0.0000000 0.0000000 0.0000000
-1.4959618 1.1374829 -0.4810261 1.0000000 0.0000000 0.0000000 0.0000000
-1.4931462 1.1362233 -0.4829526 1.0000000 0.0000000 0.0000000 0.0000000
-1.4902729 1.1350104 -0.4848406 1.0000000 0.0000000 0.0000000 0.0000000
-1.4871772 1.1339775 -0.4865803 1.0000000 0.0000000 0.0000000 0.0000000
-1.4840816 1.1329447 -0.4883201 1.0000000 0.0000000 0.0000000 0.0000000
-1.4809859 1.1319118 -0.4900598 1.0000000 0.0000000 0.0000000 0.0000000
-1.4778902 1.1308789 -0.4917995 1.0000000 0.0000000 0.0000000 0.0000000
-1.4747946 1.1298460 -0.4935393 1.0000000 0.0000000 0.0000000 0.0000000
-1.4714681 1.1290000 -0.4951251 1.0000000 0.0000000 0.0000000 0.0000000
-1.4670965 1.1290000 -0.4960143 1.0000000 0.0000000 0.0000000 0.0000000
-1.4627249 1.1290000 -0.4969034 1.0000000 0.0000000 0.0000000 0.0000000
-1.4583534 1.1290000 -0.4977925 1.0000000 0.0000000 0.0000000 0.0000000
-1.4539818 1.1290000 -0.4986817 1.0000000 0.0000000 0.0000000 0.0000000
-1.4496102 1.1290000 -0.4995708 1.0000000 0.0000000 0.0000000 0.0000000
-1.4452386 1.1290000 -0.5004599 1.0000000 0.0000000 0.0000000 0.0000000
-1.4408671 1.1290000 -0.5013491 1.0000000 0.0000000 0.0000000 0.0000000
-1.4364955 1.1290000 -0.5022382 1.0000000 0.0000000 0.0000000 0.0000000
-1.4321239 1.1290000 -0.5031273 1.0000000 0.0000000 0.0000000 0.0000000
-1.4277523 1.1290000 -0.5040165 1.0000000 0.0000000 0.0000000 0.0000000
-1.4233808 1.1290000 -0.5049056 1.0000000 0.0000000 0.0000000 0.0000000
-1.4188516 1.1290902 -0.5058299 1.0000000 0.0000000 0.0000000 0.0000000
-1.4132738 1.1297805 -0.5069877 1.0000000 0.0000000 0.0000000 0.0000000
-1.4076960 1.1304708 -0.5081456 1.0000000 0.0000000 0.0000000 0.0000000
-1.4021182 1.1311612 -0.5093035 1.0000000 0.0000000 0.0000000 0.0000000
-1.3965404 1.1318515 -0.5104613 1.0000000 0.0000000 0.0000000 0.0000000
-1.3909626 1.1325418 -0.5116192 1.0000000 0.0000000 0.0000000 0.0000000
-1.3853767 1.1332368 -0.5127789 1.0000000 0.0000000 0.0000000 0.0000000
-1.3797219 1.1339712 -0.5139539 1.0000000 0.0000000 0.0000000 0.0000000
-1.3740671 1.1347056 -0.5151289 1.0000000 0.0000000 0.0000000 0.0000000
-1.3684124 1.1354400 -0.5163039 1.0000000 0.0000000 0.0000000 0.0000000
-1.3627576 1.1361743 -0.5174789 1.0000000 0.0000000 0.0000000 0.0000000
-1.3571028 1.1369087 -0.5186540 1.0000000 0.0000000 0.0000000 0.0000000
-1.3513561 1.1376840 -0.5198498 1.0000000 0.0000000 0.0000000 0.0000000
-1.3445585 1.1389267 -0.5212839 1.0000000 0.0000000 0.0000000 0.0000000
-1.3377610 1.1401694 -0.5227180 1.0000000 0.0000000 0.0000000 0.0000000
-1.3309634 1.1414121 -0.5241520 1.0000000 0.0000000 0.0000000 0.0000000
-1.3241658 1.1426547 -0.5255861 1.0000000 0.0000000 0.0000000 0.0000000
-1.3173683 1.1438974 -0.5270202 1.0000000 0.0000000 0.0000000 0.0000000
-1.3105410 1.1451533 -0.5284610 1.0000000 0.0000000 0.0000000 0.0000000
-1.3032056 1.1466352 -0.5300170 1.0000000 0.0000000 0.0000000 0.0000000
-1.2958702 1.1481171 -0.5315730 1.0000000 0.0000000 0.0000000 0.0000000
-1.2885349 1.1495990 -0.5331290 1.0000000 0.0000000 0.0000000 0.0000000
-1.2811995 1.1510809 -0.5346849 1.0000000 0.0000000 0.0000000 0.0000000
-1.2738642 1.1525628 -0.5362409 1.0000000 0.0000000 0.0000000 0.0000000
-1.2665438 1.1540419 -0.5377783 1.0000000 0.0000000 0.0000000 0.0000000
-1.2597057 1.1554310 -0.5387154 1.0000000 0.0000000 0.0000000 0.0000000
-1.2528676 1.1568200 -0.5396525 1.0000000 0.0000000 0.0000000 0.0000000
-1.2460295 1.1582091 -0.5405897 1.0000000 0.0000000 0.0000000 0.0000000
-1.2391914 1.1595982 -0.5415268 1.0000000 0.0000000 0.0000000 0.0000000
-1.2323533 1.1609873 -0.5424640 1.0000000 0.0000000 0.0000000 0.0000000
-1.2255184 1.1623758 -0.5433971 1.0000000 0.0000000 0.0000000 0.0000000
-1.2193131 1.1636467 -0.5435467 1.0000000 0.0000000 0.0000000 0.0000000
-1.2131079 1.1649177 -0.5436962 1.0000000 0.0000000 0.0000000 0.0000000
-1.2069026 1.1661886 -0.5438457 1.0000000 0.0000000 0.0000000 0.0000000
-1.2006974 1.1674596 -0.5439952 1.0000000 0.0000000 0.0000000 0.0000000
-1.1944921 1.1687305 -0.5441448 1.0000000 0.0000000 0.0000000 0.0000000
-1.1882869 1.1700015 -0.5442943 1.0000000 0.0000000 0.0000000 0.0000000
-1.1821575 1.1713179 -0.5443956 1.0000000 0.0000000 0.0000000 0.0000000
-1.1760296 1.1726353 -0.5444959 1.0000000 0.0000000 0.0000000 0.0000000
-1.1699018 1.1739526 -0.5445963 1.0000000 0.0000000 0.0000000 0.0000000
-1.1637739 1.1752700 -0.5446966 1.0000000 0.0000000 0.0000000 0.0000000
-1.1576461 1.1765873 -0.5447969 1.0000000 0.0000000 0.0000000 0.0000000
-1.1515182 1.1779047 -0.5448972 1.0000000 0.0000000 0.0000000 0.0000000
-1.1456523 1.1793792 -0.5448310 1.0000000 0.0000000 0.0000000 0.0000000
-1.1397989 1.1808610 -0.5447569 1.0000000 0.0000000 0.0000000 0.0000000
-1.1339454 1.1823429 -0.5446829 1.0000000 0.0000000 0.0000000 0.0000000
-1.1280919 1.1838248 -0.5446088 1.0000000 0.0000000 0.0000000 0.0000000
-1.1222385 1.1853067 -0.5445347 1.0000000 0.0000000 0.0000000 0.0000000
-1.1163850 1.1867886 -0.5444606 1.0000000 0.0000000 0.0000000 0.0000000
-1.1105316 1.1882705 -0.5443865 1.0000000 0.0000000 0.0000000 0.0000000
-1.1046781 1.1897524 -0.5443124 1.0000000 0.0000000 0.0000000 0.0000000
-1.0988246 1.1912343 -0.5442383 1.0000000 0.0000000 0.0000000 0.0000000
-1.0929712 1.1927162 -0.5441642 1.0000000 0.0000000 0.0000000 0.0000000
-1.0871177 1.1941981 -0.5440901 1.0000000 0.0000000 0.0000000 0.0000000
-1.0812642 1.1956799 -0.5440160 1.0000000 0.0000000 0.0000000 0.0000000
-1.0746755 1.1958482 -0.5436821 1.0000000 0.0000000 0.0000000 0.0000000
-1.0680092 1.1958779 -0.5433208 1.0000000 0.0000000 0.0000000 0.0000000
-1.0613428 1.1959075 -0.5429594 1.0000000 0.0000000 0.0000000 0.0000000
-1.0546765 1.1959372 -0.5425981 1.0000000 0.0000000 0.0000000 0.0000000
-1.0480101 1.1959668 -0.5422368 1.0000000 0.0000000 0.0000000 0.0000000
-1.0413438 1.1959964 -0.5418754 1.0000000 0.0000000 0.0000000 0.0000000
-1.0346629 1.1960000 -0.5415089 1.0000000 0.0000000 0.0000000 0.0000000
-1.0279799 1.1960000 -0.5411418 1.0000000 0.0000000 0.0000000 0.0000000
-1.0212970 1.1960000 -0.5407746 1.0000000 0.0000000 0.0000000 0.0000000
-1.0146141 1.1960000 -0.5404074 1.0000000 0.0000000 0.0000000 0.0000000
-1.0079312 1.1960000 -0.5400402 1.0000000 0.0000000 0.0000000 0.0000000
-1.0012482 1.1960000 -0.5396730 1.0000000 0.0000000 0.0000000 0.0000000
-0.9944830 1.1958633 -0.5398051 1.0000000 0.0000000 0.0000000 0.0000000
-0.9877038 1.1957032 -0.5400224 1.0000000 0.0000000 0.0000000 0.0000000
-0.9809245 1.1955432 -0.5402396 1.0000000 0.0000000 0.0000000 0.0000000
-0.9741453 1.1953831 -0.5404569 1.0000000 0.0000000 0.0000000 0.0000000
-0.9673661 1.1952231 -0.5406742 1.0000000 0.0000000 0.0000000 0.0000000
-0.9605868 1.1950631 -0.5408914 1.0000000 0.0000000 0.0000000 0.0000000
-0.9537765 1.1948514 -0.5412972 1.0000000 0.0000000 0.0000000 0.0000000
-0.9469598 1.1946291 -0.5417417 1.0000000 0.0000000 0.0000000 0.0000000
-0.9401432 1.1944068 -0.5421863 1.0000000 0.0000000 0.0000000 0.0000000
-0.9333265 1.1941846 -0.5426309 1.0000000 0.0000000 0.0000000 0.0000000
-0.9265098 1.1939623 -0.5430754 1.0000000 0.0000000 0.0000000 0.0000000
-0.9196931 1.1937400 -0.5435200 1.0000000 0.0000000 0.0000000 0.0000000
-0.9128192 1.1934033 -0.5437358 1.0000000 0.0000000 0.0000000 0.0000000
-0.9059314 1.1930388 -0.5438959 1.0000000 0.0000000 0.0000000 0.0000000
-0.8990435 1.1926742 -0.5440559 1.0000000 0.0000000 0.0000000 0.0000000
-0.8921557 1.1923097 -0.5442160 1.0000000 0.0000000 0.0000000 0.0000000
-0.8852679 1.1919451 -0.5443760 1.0000000 0.0000000 0.0000000 0.0000000
-0.8783801 1.1915806 -0.5445360 1.0000000 0.0000000 0.0000000 0.0000000
-0.8714322 1.1910960 -0.5444560 1.0000000 0.0000000 0.0000000 0.0000000
-0.8644674 1.1905774 -0.5443078 1.0000000 0.0000000 0.0000000 0.0000000
-0.8575025 1.1900587 -0.5441596 1.0000000 0.0000000 0.0000000 0.0000000
-0.8505376 1.1895400 -0.5440114 1.0000000 0.0000000 0.0000000 0.0000000
-0.8435727 1.1890214 -0.5438632 1.0000000 0.0000000 0.0000000 0.0000000
-0.8366078 1.1885027 -0.5437151 1.0000000 0.0000000 0.0000000 0.0000000
-0.8296429 1.1878634 -0.5436473 1.0000000 0.0000000 0.0000000 0.0000000
-0.8226781 1.1871847 -0.5436058 1.0000000 0.0000000 0.0000000 0.0000000
-0.8157132 1.1865060 -0.5435643 1.0000000 0.0000000 0.0000000 0.0000000
-0.8087483 1.1858273 -0.5435228 1.0000000 0.0000000 0.0000000 0.0000000
-0.8017834 1.1851486 -0.5434813 1.0000000 0.0000000 0.0000000 0.0000000
-0.7948185 1.1844699 -0.5434398 1.0000000 0.0000000 0.0000000 0.0000000
-0.7878537 1.1834219 -0.5436445 1.0000000 0.0000000 0.0000000 0.0000000
-0.7808888 1.1822364 -0.5439409 1.0000000 0.0000000 0.0000000 0.0000000
-0.7739239 1.1810509 -0.5442373 1.0000000 0.0000000 0.0000000 0.0000000
-0.7669590 1.1798654 -0.5445337 1.0000000 0.0000000 0.0000000 0.0000000
-0.7599941 1.1786799 -0.5448300 1.0000000 0.0000000 0.0000000 0.0000000
-0.7530293 1.1774943 -0.5451264 1.0000000 0.0000000 0.0000000 0.0000000
-0.7460644 1.1763088 -0.5454228 1.0000000 0.0000000 0.0000000 0.0000000
-0.7390995 1.1751233 -0.5457192 1.0000000 0.0000000 0.0000000 0.0000000
-0.7321346 1.1739378 -0.5460155 1.0000000 0.0000000 0.0000000 0.0000000
-0.7251697 1.1727523 -0.5463119 1.0000000 0.0000000 0.0000000 0.0000000
-0.7182048 1.1715668 -0.5466083 1.0000000 0.0000000 0.0000000 0.0000000
-0.7112400 1.1703813 -0.5469047 1.0000000 0.0000000 0.0000000 0.0000000
-0.7042832 1.1693914 -0.5466957 1.0000000 0.0000000 0.0000000 0.0000000
-0.6973304 1.1684942 -0.5462471 1.0000000 0.0000000 0.0000000 0.0000000
-0.6903775 1.1675971 -0.5457985 1.0000000 0.0000000 0.0000000 0.0000000
-0.6834246 1.1667000 -0.5453500 1.0000000 0.0000000 0.0000000 0.0000000
-0.6764718 1.1658028 -0.5449014 1.0000000 0.0000000 0.0000000 0.0000000
-0.6695189 1.1649057 -0.5444528 1.0000000 0.0000000 0.0000000 0.0000000
-0.6625660 1.1640085 -0.5440043 1.0000000 0.0000000 0.0000000 0.0000000
-0.6556132 1.1631114 -0.5435557 1.0000000 0.0000000 0.0000000 0.0000000
-0.6486603 1.1622142 -0.5431071 1.0000000 0.0000000 0.0000000 0.0000000
-0.6417074 1.1613171 -0.5426585 1.0000000 0.0000000 0.0000000 0.0000000
-0.6347546 1.1604199 -0.5422100 1.0000000 0.0000000 0.0000000 0.0000000
-0.6278017 1.1595228 -0.5417614 1.0000000 0.0000000 0.0000000 0.0000000
-0.6205133 1.1590652 -0.5413887 1.0000000 0.0000000 0.0000000 0.0000000
-0.6130264 1.1588678 -0.5410609 1.0000000 0.0000000 0.0000000 0.0000000
-0.6055394 1.1586705 -0.5407331 1.0000000 0.0000000 0.0000000 0.0000000
-0.5980524 1.1584731 -0.5404052 1.0000000 0.0000000 0.0000000 0.0000000
-0.5905654 1.1582757 -0.5400774 1.0000000 0.0000000 0.0000000 0.0000000
-0.5830784 1.1580784 -0.5397496 1.0000000 0.0000000 0.0000000 0.0000000
-0.5755006 1.1580000 -0.5394423 1.0000000 0.0000000 0.0000000 0.0000000
-0.5678630 1.1580000 -0.5391486 1.0000000 0.0000000 0.0000000 0.0000000
-0.5602253 1.1580000 -0.5388548 1.0000000 0.0000000 0.0000000 0.0000000
-0.5525877 1.1580000 -0.5385611 1.0000000 0.0000000 0.0000000 0.0000000
-0.5449501 1.1580000 -0.5382673 1.0000000 0.0000000 0.0000000 0.0000000
-0.5373124 1.1580000 -0.5379736 1.0000000 0.0000000 0.0000000 0.0000000
-0.5294537 1.1578203 -0.5376557 1.0000000 0.0000000 0.0000000 0.0000000
-0.5214335 1.1575093 -0.5373204 1.0000000 0.0000000 0.0000000 0.0000000
-0.5134133 1.1571983 -0.5369850 1.0000000 0.0000000 0.0000000 0.0000000
-0.5053931 1.1568872 -0.5366496 1.0000000 0.0000000 0.0000000 0.0000000
-0.4973729 1.1565762 -0.5363142 1.0000000 0.0000000 0.0000000 0.0000000
-0.4893527 1.1562652 -0.5359788 1.0000000 0.0000000 0.0000000 0.0000000
-0.4811373 1.1557955 -0.5356222 1.0000000 0.0000000 0.0000000 0.0000000
-0.4727639 1.1551974 -0.5352484 1.0000000 0.0000000 0.0000000 0.0000000
-0.4643906 1.1545993 -0.5348746 1.0000000 0.0000000 0.0000000 0.0000000
-0.4560173 1.1540012 -0.5345008 1.0000000 0.0000000 0.0000000 0.0000000
-0.4476439 1.1534031 -0.5341270 1.0000000 0.0000000 0.0000000 0.0000000
-0.4392706 1.1528050 -0.5337532 1.0000000 0.0000000 0.0000000 0.0000000
-0.4308270 1.1522312 -0.5335089 1.0000000 0.0000000 0.0000000 0.0000000
-0.4223204 1.1516792 -0.5333806 1.0000000 0.0000000 0.0000000 0.0000000
-0.4138139 1.1511272 -0.5332523 1.0000000 0.0000000 0.0000000 0.0000000
-0.4053074 1.1505751 -0.5331240 1.0000000 0.0000000 0.0000000 0.0000000
-0.3968009 1.1500231 -0.5329957 1.0000000 0.0000000 0.0000000 0.0000000
-0.3882944 1.1494711 -0.5328674 1.0000000 0.0000000 0.0000000 0.0000000
-0.3796317 1.1489730 -0.5330270 1.0000000 0.0000000 0.0000000 0.0000000
-0.3708145 1.1485285 -0.5334715 1.0000000 0.0000000 0.0000000 0.0000000
-0.3619972 1.1480839 -0.5339161 1.0000000 0.0000000 0.0000000 0.0000000
-0.3531800 1.1476393 -0.5343607 1.0000000 0.0000000 0.0000000 0.0000000
-0.3443628 1.1471948 -0.5348052 1.0000000 0.0000000 0.0000000 0.0000000
-0.3355455 1.1467502 -0.5352498 1.0000000 0.0000000 0.0000000 0.0000000
-0.3266901 1.1462802 -0.5357114 1.0000000 0.0000000 0.0000000 0.0000000
-0.3177928 1.1457822 -0.5361915 1.0000000 0.0000000 0.0000000 0.0000000
-0.3088955 1.1452843 -0.5366716 1.0000000 0.0000000 0.0000000 0.0000000
-0.2999983 1.1447864 -0.5371517 1.0000000 0.0000000 0.0000000 0.0000000
-0.2911010 1.1442885 -0.5376319 1.0000000 0.0000000 0.0000000 0.0000000
-0.2822037 1.1437906 -0.5381120 1.0000000 0.0000000 0.0000000 0.0000000
-0.2727395 1.1429147 -0.5388441 1.0000000 0.0000000 0.0000000 0.0000000
-0.2625885 1.1415810 -0.5398815 1.0000000 0.0000000 0.0000000 0.0000000
-0.2524376 1.1402473 -0.5409188 1.0000000 0.0000000 0.0000000 0.0000000
-0.2422866 1.1389136 -0.5419561 1.0000000 0.0000000 0.0000000 0.0000000
-0.2321357 1.1375799 -0.5429934 1.0000000 0.0000000 0.0000000 0.0000000
-0.2219848 1.1362462 -0.5440308 1.0000000 0.0000000 0.0000000 0.0000000
-0.2118338 1.1349125 -0.5450681 1.0000000 0.0000000 0.0000000 0.0000000
-0.2016829 1.1335788 -0.5461054 1.0000000 0.0000000 0.0000000 0.0000000
-0.1915319 1.1322451 -0.5471427 1.0000000 0.0000000 0.0000000 0.0000000
-0.1813810 1.1309114 -0.5481800 1.0000000 0.0000000 0.0000000 0.0000000
-0.1712300 1.1295777 -0.5492174 1.0000000 0.0000000 0.0000000 0.0000000
-0.1610791 1.1282440 -0.5502547 1.0000000 0.0000000 0.0000000 0.0000000
-0.1507083 1.1267637 -0.5512920 1.0000000 0.0000000 0.0000000 0.0000000
-0.1400106 1.1250655 -0.5523293 1.0000000 0.0000000 0.0000000 0.0000000
-0.1293128 1.1233672 -0.5533667 1.0000000 0.0000000 0.0000000 0.0000000
-0.1186150 1.1216690 -0.5544040 1.0000000 0.0000000 0.0000000 0.0000000
-0.1079173 1.1199707 -0.5554413 1.0000000 0.0000000 0.0000000 0.0000000
-0.0972195 1.1182725 -0.5564786 1.0000000 0.0000000 0.0000000 0.0000000
-0.0864765 1.1165441 -0.5575160 1.0000000 0.0000000 0.0000000 0.0000000
-0.0756587 1.1147658 -0.5585533 1.0000000 0.0000000 0.0000000 0.0000000
-0.0648409 1.1129875 -0.5595906 1.0000000 0.0000000 0.0000000 0.0000000
-0.0540231 1.1112093 -0.5606279 1.0000000 0.0000000 0.0000000 0.0000000
-0.0432053 1.1094310 -0.5616652 1.0000000 0.0000000 0.0000000 0.0000000
-0.0323875 1.1076527 -0.5627026 1.0000000 0.0000000 0.0000000 0.0000000
-0.0214488 1.1056780 -0.5636794 1.0000000 0.0000000 0.0000000 0.0000000
-0.0102872 1.1033410 -0.5645448 1.0000000 0.0000000 0.0000000 0.0000000
0.0008744 1.1010041 -0.5654103 1.0000000 0.0000000 0.0000000 0.0000000
0.0120360 1.0986671 -0.5662757 1.0000000 0.0000000 0.0000000 0.0000000
0.0231976 1.0963302 -0.5671411 1.0000000 0.0000000 0.0000000 0.0000000
0.0343592 1.0939933 -0.5680065 1.0000000 0.0000000 0.0000000 0.0000000
0.0456021 1.0915242 -0.5688313 1.0000000 0.0000000 0.0000000 0.0000000
0.0570126 1.0887827 -0.5695722 1.0000000 0.0000000 0.0000000 0.0000000
0.0684232 1.0860412 -0.5703132 1.0000000 0.0000000 0.0000000 0.0000000
0.0798337 1.0832997 -0.5710541 1.0000000 0.0000000 0.0000000 0.0000000
0.0912443 1.0805582 -0.5717951 1.0000000 0.0000000 0.0000000 0.0000000
0.1026548 1.0778167 -0.5725360 1.0000000 0.0000000 0.0000000 0.0000000
0.1140625 1.0750852 -0.5732387 1.0000000 0.0000000 0.0000000 0.0000000
0.1254637 1.0723769 -0.5738525 1.0000000 0.0000000 0.0000000 0.0000000
0.1368649 1.0696687 -0.5744664 1.0000000 0.0000000 0.0000000 0.0000000
0.1482661 1.0669604 -0.5750803 1.0000000 0.0000000 0.0000000 0.0000000
0.1596673 1.0642521 -0.5756941 1.0000000 0.0000000 0.0000000 0.0000000
0.1710685 1.0615438 -0.5763080 1.0000000 0.0000000 0.0000000 0.0000000
0.1824646 1.0588534 -0.5768537 1.0000000 0.0000000 0.0000000 0.0000000
0.1938477 1.0562096 -0.5772209 1.0000000 0.0000000 0.0000000 0.0000000
0.2052307 1.0535658 -0.5775881 1.0000000 0.0000000 0.0000000 0.0000000
0.2166137 1.0509220 -0.5779553 1.0000000 0.0000000 0.0000000 0.0000000
0.2279967 1.0482782 -0.5783225 1.0000000 0.0000000 0.0000000 0.0000000
0.2393797 1.0456344 -0.5786897 1.0000000 0.0000000 0.0000000 0.0000000
0.2507365 1.0430199 -0.5790376 1.0000000 0.0000000 0.0000000 0.0000000
0.2620150 1.0404928 -0.5793280 1.0000000 0.0000000 0.0000000 0.0000000
0.2732935 1.0379656 -0.5796184 1.0000000 0.0000000 0.0000000 0.0000000
0.2845720 1.0354385 -0.5799088 1.0000000 0.0000000 0.0000000 0.0000000
0.2958505 1.0329114 -0.5801992 1.0000000 0.0000000 0.0000000 0.0000000
0.3071290 1.0303842 -0.5804896 1.0000000 0.0000000 0.0000000 0.0000000
0.3181358 1.0281605 -0.5805802 1.0000000 0.0000000 0.0000000 0.0000000
0.3282127 1.0269750 -0.5799875 1.0000000 0.0000000 0.0000000 0.0000000
0.3382895 1.0257895 -0.5793947 1.0000000 0.0000000 0.0000000 0.0000000
0.3483664 1.0246040 -0.5788020 1.0000000 0.0000000 0.0000000 0.0000000
0.3584432 1.0234184 -0.5782092 1.0000000 0.0000000 0.0000000 0.0000000
0.3685201 1.0222329 -0.5776165 1.0000000 0.0000000 0.0000000 0.0000000
0.3785969 1.0210474 -0.5770237 1.0000000 0.0000000 0.0000000 0.0000000
0.3886738 1.0198619 -0.5764310 1.0000000 0.0000000 0.0000000 0.0000000
0.3987506 1.0186764 -0.5758382 1.0000000 0.0000000 0.0000000 0.0000000
0.4088275 1.0174909 -0.5752454 1.0000000 0.0000000 0.0000000 0.0000000
0.4189043 1.0163054 -0.5746527 1.0000000 0.0000000 0.0000000 0.0000000
0.4289812 1.0151199 -0.5740599 1.0000000 0.0000000 0.0000000 0.0000000
0.4390142 1.0139453 -0.5734343 1.0000000 0.0000000 0.0000000 0.0000000
0.4488421 1.0128220 -0.5726549 1.0000000 0.0000000 0.0000000 0.0000000
0.4586700 1.0116988 -0.5718754 1.0000000 0.0000000 0.0000000 0.0000000
0.4684979 1.0105755 -0.5710959 1.0000000 0.0000000 0.0000000 0.0000000
0.4783258 1.0094522 -0.5703164 1.0000000 0.0000000 0.0000000 0.0000000
0.4881537 1.0083289 -0.5695370 1.0000000 0.0000000 0.0000000 0.0000000
0.4979744 1.0072074 -0.5687521 1.0000000 0.0000000 0.0000000 0.0000000
0.5077549 1.0060960 -0.5679371 1.0000000 0.0000000 0.0000000 0.0000000
0.5175354 1.0049846 -0.5671221 1.0000000 0.0000000 0.0000000 0.0000000
0.5273159 1.0038732 -0.5663070 1.0000000 0.0000000 0.0000000 0.0000000
0.5370963 1.0027618 -0.5654920 1.0000000 0.0000000 0.0000000 0.0000000
0.5468768 1.0016504 -0.5646769 1.0000000 0.0000000 0.0000000 0.0000000
0.5565568 1.0006678 -0.5638050 1.0000000 0.0000000 0.0000000 0.0000000
0.5655379 1.0005821 -0.5625370 1.0000000 0.0000000 0.0000000 0.0000000
0.5745189 1.0004964 -0.5612690 1.0000000 0.0000000 0.0000000 0.0000000
0.5835000 1.0004107 -0.5600009 1.0000000 0.0000000 0.0000000 0.0000000
0.5924811 1.0003250 -0.5587329 1.0000000 0.0000000 0.0000000 0.0000000
0.6014621 1.0002393 -0.5574649 1.0000000 0.0000000 0.0000000 0.0000000
0.6103896 1.0002223 -0.5561665 1.0000000 0.0000000 0.0000000 0.0000000
0.6188377 1.0008204 -0.5545965 1.0000000 0.0000000 0.0000000 0.0000000
0.6272858 1.0014185 -0.5530265 1.0000000 0.0000000 0.0000000 0.0000000
0.6357339 1.0020166 -0.5514565 1.0000000 0.0000000 0.0000000 0.0000000
0.6441820 1.0026147 -0.5498865 1.0000000 0.0000000 0.0000000 0.0000000
0.6526301 1.0032128 -0.5483165 1.0000000 0.0000000 0.0000000 0.0000000
0.6610485 1.0038128 -0.5467681 1.0000000 0.0000000 0.0000000 0.0000000
0.6691019 1.0044370 -0.5454850 1.0000000 0.0000000 0.0000000 0.0000000
0.6771553 1.0050613 -0.5442019 1.0000000 0.0000000 0.0000000 0.0000000
0.6852087 1.0056855 -0.5429188 1.0000000 0.0000000 0.0000000 0.0000000
0.6932621 1.0063097 -0.5416357 1.0000000 0.0000000 0.0000000 0.0000000
0.7013156 1.0069339 -0.5403526 1.0000000 0.0000000 0.0000000 0.0000000
0.7093366 1.0075603 -0.5390930 1.0000000 0.0000000 0.0000000 0.0000000
0.7167461 1.0082271 -0.5382779 1.0000000 0.0000000 0.0000000 0.0000000
0.7241555 1.0088940 -0.5374629 1.0000000 0.0000000 0.0000000 0.0000000
0.7315650 1.0095608 -0.5366479 1.0000000 0.0000000 0.0000000 0.0000000
0.7389744 1.0102277 -0.5358328 1.0000000 0.0000000 0.0000000 0.0000000
0.7463839 1.0108945 -0.5350178 1.0000000 0.0000000 0.0000000 0.0000000
0.7537980 1.0115549 -0.5342017 1.0000000 0.0000000 0.0000000 0.0000000
0.7613936 1.0119639 -0.5333466 1.0000000 0.0000000 0.0000000 0.0000000
0.7689892 1.0123729 -0.5324914 1.0000000 0.0000000 0.0000000 0.0000000
0.7765848 1.0127819 -0.5316363 1.0000000 0.0000000 0.0000000 0.0000000
0.7841805 1.0131909 -0.5307811 1.0000000 0.0000000 0.0000000 0.0000000
0.7917761 1.0135999 -0.5299260 1.0000000 0.0000000 0.0000000 0.0000000
0.7993717 1.0140088 -0.5290708 1.0000000 0.0000000 0.0000000 0.0000000
